0.25
0.23333335
0.31666666
0.30333334
0.33
0.23333333
0.26
0.24000001
0.19666667
0.32333335
0.25
0.31333333
0.22666666
0.18333334
0.25333333
0.26
0.26333332
0.28666666
0.24333334
0.26
0.30666667
0.3
0.24333332
0.25666666
0.18666667
0.28
0.26666668
0.28666666
0.3
0.24333334
0.30666667
0.30666667
0.32333332
0.2733333
0.21333334
0.28666666
0.25333333
0.31333333
0.30333334
0.29
0.23666666
0.21000001
0.35666668
0.22666666
0.28333333
0.24666667
0.25
0.21666667
0.26
0.22666666
0.28666666
0.30666667
0.30666667
0.27333334
0.25666666
0.22333333
0.27333334
0.2866667
0.27333334
0.30333334
0.29333332
0.2866667
0.27666667
0.27666667
0.25666666
0.27666664
0.24333332
0.24000001
0.29333335
0.25666666
0.2566667
0.25333333
0.30666667
0.25333333
0.30333334
0.32
0.26999998
0.27333334
0.3
0.22333334
0.27666667
0.22333334
0.21666667
0.21000001
0.27999997
0.29666668
0.27666667
0.23
0.29
0.3
0.26999998
0.28333333
0.27333334
0.28333333
0.32
0.32999998
0.27666667
0.32999998
0.26000002
0.27666667
0.22
0.27333334
0.29000002
0.28
0.25666666
0.27
0.26000002
0.25666666
0.28666666
0.24333334
0.28666666
0.30333334
0.18333334
0.27666664
0.26
0.24000001
0.23333333
0.24333334
0.3
0.32666665
0.27666667
0.24666667
0.32
0.29333335
0.31
0.28666666
0.28333336
0.19
0.27333334
0.31
0.29666668
0.25
0.25
0.26666665
0.29
0.29999998
0.32
0.29666665
0.25666666
0.35666668
0.26333332
0.25333333
0.20333333
0.25666666
0.30333334
0.2866667
0.21
0.23
0.28
0.31333333
0.29333332
0.26
0.28
0.27
0.31
0.29
0.22999999
0.26333332
0.28333333
0.31333333
0.32333332
0.20333335
0.28
0.25666666
0.29
0.29
0.28333333
0.30333334
0.26333335
0.26000002
0.22999999
0.29
0.33333334
0.28666666
0.25
0.3333333
0.31
0.27333334
0.33333334
0.29
0.29333332
0.26
0.27666667
0.25
0.21333334
0.33
0.28333333
0.33333334
0.27
0.26999998
0.2866667
0.26999998
0.26
0.32666665
0.30666667
0.21666668
0.32333332
0.28333333
0.35999998
0.36
0.31333333
0.28333333
0.26666668
0.25333333
0.3333333
0.36666667
0.25333333
0.27999997
0.36666667
0.27666667
0.30333334
0.35333335
0.26999998
0.38333333
0.24333334
0.27
0.32999998
0.24333334
0.23666666
0.23666666
0.29
0.27
0.28666666
0.26666668
0.24000001
0.33666664
0.25333333
0.32999998
0.3033333
0.25
0.30666667
0.26666668
0.24
0.27
0.26999998
0.34333333
0.32333332
0.28666666
0.30666667
0.28333333
0.31
0.29666665
0.26666665
0.32333335
0.32333332
0.28
0.34666666
0.23666668
0.21
0.22999999
0.32333332
0.30666667
0.32999998
0.24333334
0.24333334
0.31333333
0.27
0.26333335
0.32333332
0.26666668
0.26666668
0.25333333
0.29333332
0.29666668
0.25666666
0.30333334
0.33
0.2733333
0.27666667
0.22666667
0.25666666
0.24000001
0.27333334
0.23666666
0.30666667
0.31666666
0.28666666
0.30333334
0.32333332
0.29666665
0.28666666
0.2866667
0.32333332
0.27666667
0.35333335
0.32999998
0.27333334
0.25666666
0.29999998
0.31666666
0.31
0.23333335
0.28666666
0.31333333
0.21333334
0.38
0.23333333
0.27
0.24333334
0.3333333
0.25666666
0.27
0.32333332
0.36666667
0.2566667
0.27
0.26666668
0.21
0.32666668
0.29333332
0.28666666
0.26333332
0.31666666
0.28
0.37666667
0.27333334
0.23000002
0.24
0.31
0.26666668
0.28333333
0.34
0.21333332
0.34666666
0.32
0.32333332
0.31666666
0.25333333
0.32
0.27
0.24666667
0.37
0.28666666
0.2733333
0.30666667
0.27666664
0.31333333
0.26666668
0.22333333
0.33
0.33666667
0.26999998
0.30333334
0.3633333
0.34666666
0.24333334
0.24666667
0.29
0.27666667
0.27
0.28
0.30333334
0.38333336
0.32
0.30333334
0.22333334
0.27666667
0.30333334
0.25333333
0.31666666
0.32999998
0.29
0.29333332
0.34
0.26666668
0.28666666
0.32
0.3
0.3633333
0.29333335
0.31666666
0.25333336
0.21666667
0.31
0.32000002
0.33666667
0.26666665
0.30666667
0.3
0.3
0.28666666
0.27666667
0.26999998
0.30333334
0.32000002
0.25666666
0.26333332
0.29333335
0.28
0.21
0.26000002
0.28666666
0.30666667
0.27
0.28666666
0.22
0.26666668
0.23666668
0.29000002
0.27
0.22333333
0.29666668
0.26333332
0.31333333
0.32666668
0.2733333
0.32666665
0.26333332
0.31
0.29666665
0.29999998
0.2733333
0.25333333
0.26
0.33666667
0.3333333
0.23666666
0.34
0.27666667
0.33
0.29000002
0.29999998
0.3
0.30333334
0.32333332
0.29666668
0.27666667
0.29999998
0.25333333
0.23333333
0.25666666
0.26
0.36333334
0.29
0.35
0.28
0.25333333
0.27333334
0.37
0.32333332
0.20666666
0.33333334
0.32333332
0.30666664
0.34333333
0.31
0.30333334
0.27666667
0.32
0.33333334
0.36333334
0.26999998
0.32666668
0.27333334
0.39
0.28333333
0.32
0.25
0.32999998
0.24333332
0.29666668
0.29666665
0.33666664
0.28333333
0.27666667
0.32666668
0.31333333
0.26666668
0.26333335
0.28666666
0.36666664
0.25
0.30333334
0.27333334
0.33333334
0.35
0.22666666
0.33333334
0.29333332
0.30666667
0.26
0.28666666
0.34
0.30666667
0.35333335
0.30666667
0.37
0.34333333
0.33
0.31
0.25666666
0.32
0.33666664
0.26333332
0.31
0.31666666
0.28333333
0.32333332
0.20333335
0.28
0.31666666
0.29
0.33
0.25
0.27
0.3
0.26
0.31
0.23666668
0.28333333
0.21333332
0.37333333
0.26666665
0.29333332
0.26333335
0.25
0.32999998
0.32
0.29333335
0.38333333
0.21333334
0.35666668
0.33666667
0.31333333
0.27666667
0.34666666
0.29666668
0.31
0.23666665
0.36333334
0.27
0.27333334
0.27666667
0.31666666
0.22333334
0.34
0.27666667
0.2733333
0.21666667
0.25666666
0.26000002
0.25333333
0.31666666
0.3633333
0.29333335
0.27666667
0.2733333
0.27
0.26
0.31
0.28
0.29666668
0.37666667
0.28
0.3733333
0.25666666
0.32333332
0.26
0.24
0.20666666
0.24333334
0.3
0.34333333
0.32
0.26333332
0.31333333
0.30333334
0.32666665
0.30333334
0.26
0.31666666
0.29
0.26999998
0.32666665
0.32666665
0.29
0.31666666
0.37
0.31333333
0.24666667
0.32666668
0.31
0.31333333
0.26
0.22666667
0.26666665
0.3
0.26666665
0.31666666
0.34333333
0.27666667
0.3633333
0.34
0.26999998
0.3433333
0.2733333
0.30333334
0.2733333
0.33666667
0.27666667
0.29333335
0.30666667
0.32999998
0.24
0.23666668
0.31333333
0.31333333
0.34
0.31333333
0.25
0.44
0.34
0.29
0.3333333
0.32666665
0.28666666
0.32666665
0.33666667
0.35666668
0.26
0.36333334
0.32333335
0.35333335
0.18333334
0.39999998
0.27333334
0.25666666
0.2866667
0.34
0.39666665
0.3333333
0.22333334
0.37333333
0.3
0.33333334
0.32999998
0.31
0.3766667
0.2866667
0.37
0.34666666
0.31
0.31333333
0.28666666
0.37
0.23333333
0.40666667
0.28
0.38333336
0.32333335
0.33
0.3966667
0.3
0.35000002
0.37666667
0.31
0.33666667
0.22333333
0.24333334
0.32
0.27333334
0.31333333
0.29333332
0.31666666
0.29333332
0.32000002
0.32666665
0.25666666
0.34
0.3633333
0.27666667
0.28333333
0.24333334
0.34333333
0.32000002
0.35666668
0.32333332
0.3
0.27333334
0.29333332
0.35333332
0.30666667
0.36
0.21333332
0.34666666
0.37666667
0.34666666
0.32666665
0.3166667
0.33333334
0.26666668
0.3
0.30666667
0.28333333
0.33666664
0.39000002
0.30333334
0.33666664
0.29333332
0.27666667
0.32333335
0.28
0.22666667
0.31333336
0.2866667
0.26333332
0.32333335
0.33999997
0.36666667
0.25
0.29000002
0.3466667
0.39666668
0.32
0.29
0.35333335
0.3
0.27666667
0.29333335
0.32666665
0.3333333
0.31333333
0.26333335
0.31333333
0.26666665
0.31
0.38333333
0.26
0.4033333
0.27666667
0.35
0.28
0.33666667
0.26666668
0.27
0.25333333
0.35666665
0.27666667
0.38666666
0.27
0.27333334
0.28666666
0.35
0.32
0.32
0.36666667
0.27
0.29
0.30333334
0.25666666
0.33999997
0.38333333
0.33666667
0.29333335
0.32333332
0.27666667
0.23333333
0.33333334
0.24666667
0.34666666
0.2733333
0.32999998
0.32333332
0.29666665
0.27666667
0.32999998
0.26000002
0.32666665
0.24666668
0.27333334
0.33666664
0.31
0.24666667
0.31333333
0.34333333
0.3
0.36
0.22
0.27333334
0.32333332
0.29000002
0.36333334
0.3866667
0.33666667
0.28333333
0.26666665
0.27
0.32333332
0.29666668
0.32
0.23666668
0.32
0.32666665
0.28333333
0.36666667
0.34333336
0.31
0.45666665
0.32666665
0.30999997
0.36
0.28
0.31666666
0.34
0.3633333
0.27
0.31333333
0.25000003
0.31333333
0.33
0.21666667
0.39999998
0.34333333
0.34333333
0.37666667
0.28333333
0.23666666
0.29666668
0.33999997
0.31
0.32
0.36333334
0.3
0.35666665
0.25
0.26666665
0.31
0.29333335
0.31
0.29000002
0.26
0.31333333
0.36
0.31
0.40666667
0.38666666
0.34
0.22333333
0.34
0.33666664
0.32
0.23333332
0.32666665
0.28666666
0.37
0.3166667
0.28666666
0.31
0.30333334
0.32
0.32
0.28
0.33999997
0.28
0.3333333
0.30333334
0.20333333
0.31
0.33333334
0.32666665
0.39333335
0.31666666
0.40666667
0.29333332
0.37666667
0.23000002
0.22666667
0.31
0.32666665
0.25
0.28
0.28333333
0.32666665
0.28666666
0.28
0.3633333
0.26000002
0.31
0.31
0.35000002
0.23666666
0.30333334
0.26666668
0.28
0.29666665
0.33999997
0.27
0.3
0.29666668
0.31333333
0.33333334
0.36666664
0.29333332
0.23333335
0.39333335
0.35333335
0.39333335
0.29666668
0.23333332
0.25666666
0.36333334
0.31
0.32
0.35333335
0.30666667
0.29333335
0.33666664
0.36
0.32666668
0.23666666
0.35333335
0.28333336
0.37
0.29999998
0.37
0.3
0.29
0.3866667
0.29666665
0.38333333
0.29999998
0.3333333
0.32666665
0.29333335
0.32999998
0.26666668
0.32666665
0.31
0.28333333
0.35666668
0.26
0.34666666
0.34
0.29333335
0.30666667
0.23
0.3
0.33666664
0.29333332
0.31
0.34000003
0.27
0.29333332
0.28333333
0.37
0.3633333
0.24666667
0.29666668
0.38333333
0.37666667
0.32
0.25333333
0.30666667
0.33999997
0.33666664
0.30666667
0.31666666
0.35333335
0.26666668
0.31333333
0.28333333
0.39
0.27
0.31
0.29333332
0.32999998
0.29
0.33333334
0.31666666
0.36
0.27666667
0.31333333
0.3033333
0.3333333
0.3
0.32666668
0.29
0.27
0.33666667
0.21666667
0.27666667
0.37666667
0.28333333
0.35666668
0.33666667
0.32
0.39
0.33999997
0.23666666
0.30666667
0.26
0.29666665
0.32666665
0.32666665
0.33
0.41666666
0.35333335
0.37
0.19
0.25333333
0.30666667
0.33666664
0.33
0.34999996
0.27666667
0.27333334
0.36
0.27333334
0.36666667
0.30666667
0.24666665
0.28666666
0.28
0.27666664
0.34666666
0.38666666
0.24666667
0.31333333
0.25666666
0.32333332
0.32333335
0.22666666
0.31333333
0.34333333
0.32333332
0.37666667
0.34333333
0.28666666
0.27333334
0.31666666
0.27333334
0.25333333
0.22
0.29
0.3466667
0.3766667
0.37
0.32
0.24000001
0.25333333
0.3
0.37333333
0.39
0.38333333
0.39999998
0.33666667
0.26666665
0.3633333
0.28666666
0.28
0.38333333
0.31
0.31
0.30333334
0.28333333
0.29333335
0.35666668
0.29
0.27666664
0.24666667
0.32
0.26333332
0.32999998
0.30666667
0.31
0.28666666
0.37333333
0.30333334
0.25333333
0.30666667
0.34333333
0.26333332
0.31333333
0.33666667
0.27333334
0.26333335
0.33666667
0.26999998
0.30333334
0.24000001
0.34
0.4
0.35
0.27
0.3333333
0.19666667
0.25666666
0.4
0.30333334
0.2866667
0.26666668
0.34333333
0.35666665
0.32
0.32333332
0.25
0.34666663
0.37666667
0.27333334
0.3433333
0.25
0.35333332
0.29666668
0.28666666
0.34
0.31
0.34
0.34
0.24333334
0.37
0.27666667
0.30666667
0.30666667
0.38
0.32
0.37333333
0.27666667
0.33666664
0.32999998
0.28333333
0.3433333
0.30333334
0.28333333
0.25666666
0.33666667
0.33666664
0.27
0.33666664
0.24000001
0.32333332
0.3766667
0.31333333
0.44
0.3433333
0.29333332
0.29666668
0.38
0.32666665
0.31
0.35666668
0.30333334
0.30666667
0.26666668
0.36
0.36
0.3366667
0.33666667
0.26333332
0.32999998
0.29666668
0.33666664
0.32666668
0.34
0.29333332
0.25
0.32
0.33333334
0.26666668
0.26999998
0.27
0.26333335
0.31
0.25333333
0.39666665
0.28
0.31333333
0.26666665
0.35666665
0.31666666
0.27
0.35333335
0.35333332
0.29666668
0.36666667
0.33666664
0.30666667
0.31
0.29333332
0.26333332
0.31666666
0.31
0.25666666
0.42333335
0.25333333
0.20666668
0.3466667
0.29666665
0.32333332
0.35333332
0.28333333
0.26
0.35
0.36666667
0.23333335
0.28
0.27333334
0.36666667
0.27666667
0.26333332
0.31
0.26
0.3766667
0.3466667
0.3
0.36333334
0.32666665
0.28
0.26666668
0.31666666
0.28333333
0.3333333
0.26666665
0.25333333
0.3
0.32333335
0.25666666
0.29
0.28666666
0.32666665
0.29333335
0.39000002
0.39
0.32999998
0.39666668
0.25333333
0.30333334
0.29000002
0.36333334
0.39
0.31333333
0.29666668
0.33666667
0.42333335
0.30666667
0.36
0.31
0.32000002
0.31333336
0.39999998
0.3333333
0.35666668
0.28333333
0.39333332
0.3433333
0.30666667
0.40333334
0.28333333
0.36
0.28666666
0.28
0.36333334
0.27666667
0.39000002
0.23333333
0.32666665
0.25333333
0.37
0.31666666
0.28
0.31666666
0.35666668
0.29
0.28666666
0.33333334
0.28333333
0.32333332
0.4
0.31
0.35000002
0.26
0.25333333
0.28666666
0.31666666
0.34333333
0.31333333
0.33333334
0.37333333
0.34
0.3
0.23666668
0.3433333
0.28666666
0.38
0.22999999
0.35999998
0.28
0.26333332
0.28333333
0.29666665
0.28666666
0.30333334
0.30666667
0.32333332
0.31666666
0.3
0.28
0.31
0.28333336
0.38333336
0.29
0.26666665
0.26999998
0.35
0.25333333
0.31
0.28
0.43
0.30666667
0.32333332
0.39333332
0.36333334
0.25
0.32
0.25666666
0.28
0.29333332
0.29000002
0.28000003
0.37333333
0.33
0.32333335
0.23333335
0.30333334
0.38
0.25
0.27
0.31333333
0.34333336
0.35666668
0.31
0.3
0.34666666
0.25333336
0.3466667
0.39333335
0.41
0.36333334
0.27
0.35333332
0.33
0.32
0.24666667
0.35666668
0.26666665
0.33333334
0.24333334
0.35666668
0.30666667
0.33666664
0.32999998
0.31
0.3
0.28333333
0.31
0.45000002
0.23333335
0.34333333
0.42333332
0.35666665
0.39
0.40666667
0.32333332
0.33333334
0.31
0.32
0.34333336
0.31666666
0.29333332
0.37
0.30333334
0.28
0.3166667
0.31666666
0.30333334
0.28333333
0.28
0.38666666
0.22666666
0.38333333
0.23666666
0.24999999
0.2566667
0.32
0.37
0.27333334
0.39333332
0.32333332
0.33666667
0.34333333
0.33666664
0.29333332
0.31
0.29999998
0.29000002
0.31333333
0.31666666
0.32333332
0.42000002
0.37
0.32
0.37333333
0.32
0.33999997
0.4066667
0.37666667
0.34666666
0.26
0.27333334
0.29666668
0.30999997
0.37333333
0.31
0.36666667
0.46333334
0.27333334
0.25333333
0.38
0.37333333
0.23666668
0.3633333
0.26999998
0.36333334
0.28333333
0.26999998
0.31
0.30333334
0.29666665
0.36333334
0.24666667
0.3333333
0.36333334
0.27666667
0.39666665
0.3
0.41
0.28666666
0.26
0.21666665
0.34
0.37333333
0.32333332
0.38
0.28333333
0.25333333
0.26666668
0.3
0.34333336
0.39666668
0.29999998
0.32999998
0.32999998
0.28666663
0.29333332
0.30666667
0.29999998
0.34000003
0.35333332
0.32999998
0.31666666
0.30666667
0.47333336
0.32999998
0.18666667
0.32999998
0.30333334
0.3
0.35333332
0.3333333
0.2866667
0.29
0.26999998
0.37
0.33666667
0.33666667
0.32999998
0.30333334
0.37666667
0.28
0.29999998
0.27333334
0.37333333
0.35666665
0.28
0.43333334
0.38333333
0.36333334
0.30333334
0.37666667
0.32666665
0.32333332
0.2733333
0.2733333
0.22
0.36666667
0.38333336
0.38666666
0.36333334
0.32333332
0.30666667
0.34666666
0.31666666
0.30666667
0.29333335
0.29
0.35666665
0.29333335
0.32
0.37
0.26333332
0.29999998
0.38000003
0.34666666
0.32
0.2566667
0.27666667
0.22666666
0.37
0.30666667
0.36666667
0.28333333
0.3433333
0.38666666
0.36666667
0.36666667
0.25666666
0.34333333
0.28333333
0.33
0.31333333
0.31666666
0.35000002
0.27666667
0.29
0.34
0.3
0.35666665
0.28666666
0.38333333
0.37
0.36333334
0.29
0.3
0.28333333
0.31333333
0.28
0.32666668
0.32666665
0.20666668
0.31333333
0.34666666
0.29
0.42666668
0.26
0.31
0.38666666
0.36
0.25
0.38
0.26666665
0.32
0.31333333
0.28666666
0.29
0.42666668
0.31333333
0.27666667
0.28333333
0.35333335
0.31666666
0.36
0.29666668
0.33666664
0.27
0.27666667
0.35666665
0.31333333
0.30666667
0.29333332
0.31
0.35333335
0.32333332
0.32333335
0.29666665
0.34
0.31333333
0.3
0.32333332
0.36333334
0.36
0.30666667
0.27333334
0.3333333
0.38666666
0.28333333
0.3466667
0.35333332
0.32666665
0.30333334
0.36333334
0.32666668
0.25666666
0.37666667
0.30666667
0.28333333
0.36666664
0.35999998
0.32999998
0.29
0.32999998
0.31333333
0.29333332
0.31
0.25333333
0.32333335
0.36333334
0.34
0.26666668
0.43
0.45666665
0.3333333
0.27333334
0.31333333
0.29999998
0.40333334
0.36
0.31666666
0.3866667
0.34333333
0.22666666
0.30666667
0.27666667
0.35333332
0.37666667
0.31333333
0.26
0.31333333
0.35333332
0.34666666
0.36
0.36666667
0.26666665
0.32
0.33666667
0.30666667
0.35333335
0.31333333
0.30666667
0.27666667
0.3866667
0.31333333
0.26999998
0.32999998
0.30666667
0.33666667
0.28
0.29000002
0.29
0.29
0.36
0.34333333
0.38333333
0.31666666
0.34333333
0.33666664
0.3
0.18333334
0.26
0.28333333
0.3
0.39999998
0.35666668
0.34333333
0.26333332
0.33
0.35666668
0.36333334
0.26
0.33999997
0.35333332
0.28666666
0.35333332
0.34333336
0.28
0.40666664
0.39333332
0.36666667
0.37666667
0.38666666
0.33
0.31333333
0.29333335
0.29000002
0.26666668
0.32
0.34
0.3033333
0.3
0.43333334
0.33
0.42666668
0.35333332
0.32333332
0.32333332
0.27333334
0.38333336
0.30333334
0.35000002
0.37333333
0.33666667
0.42000002
0.30666667
0.2733333
0.34
0.35999998
0.32
0.31
0.38
0.27666667
0.25333333
0.34666666
0.40666667
0.33666664
0.36
0.38666666
0.31
0.19666666
0.28
0.29
0.39666665
0.27333334
0.33666667
0.30666667
0.32666665
0.40000004
0.3333333
0.29666668
0.34
0.32333332
0.21333334
0.31333333
0.35
0.30999997
0.32999998
0.36666664
0.33
0.38
0.34666666
0.39666665
0.35000002
0.45
0.30333334
0.34999996
0.35999998
0.32
0.33666667
0.36666667
0.37
0.34333333
0.38000003
0.41333333
0.32666665
0.29000002
0.33666667
0.44
0.3333333
0.30666667
0.33999997
0.3
0.33666664
0.26333332
0.3733333
0.30333334
0.35
0.29333335
0.33
0.39666668
0.32
0.3366667
0.29333332
0.3333333
0.30666667
0.35333335
0.31666666
0.31333333
0.22666666
0.29333332
0.29333335
0.32
0.27666667
0.32
0.39
0.37333333
0.3433333
0.4166667
0.32000002
0.33666667
0.31
0.29666668
0.29333332
0.31
0.28666666
0.29666668
0.25333333
0.30666667
0.29333332
0.29333335
0.35666665
0.32333335
0.33999997
0.32666668
0.25333333
0.36333334
0.36
0.32666668
0.3033333
0.25666666
0.28333336
0.33
0.30666667
0.36333334
0.29666665
0.26666665
0.25666666
0.41
0.29
0.39666665
0.40333334
0.31666666
0.30333334
0.36333334
0.25333333
0.32666665
0.33666667
0.37
0.2733333
0.28333333
0.26666668
0.36666667
0.33333334
0.41666663
0.36
0.32
0.34
0.4033333
0.33666664
0.30333334
0.31666663
0.34
0.3333333
0.29
0.26666668
0.31666666
0.34333333
0.31
0.35
0.29333332
0.29333335
0.35333335
0.32666668
0.26666668
0.26999998
0.34
0.27666667
0.27666667
0.35666668
0.27333334
0.29000002
0.32999998
0.26666668
0.31666666
0.38333336
0.36
0.3033333
0.3333333
0.39000002
0.30666667
0.29666668
0.37333333
0.27
0.40333334
0.31
0.41666663
0.30333334
0.33333334
0.35333335
0.32666665
0.39333335
0.2733333
0.41333333
0.34333333
0.28666666
0.33333334
0.39333335
0.30666667
0.38333333
0.22333333
0.31333333
0.33
0.37666667
0.32999998
0.36666667
0.28333333
0.4166667
0.3333333
0.31666666
0.32333332
0.31666666
0.36
0.32666665
0.26666668
0.26666665
0.3466667
0.37666667
0.36666667
0.3466667
0.35999998
0.30666664
0.39
0.31666666
0.30666667
0.36333334
0.26666665
0.3433333
0.43333334
0.30666667
0.22333331
0.33666664
0.29666665
0.34666666
0.31666666
0.33999997
0.2866667
0.38666666
0.35333335
0.31666666
0.3733333
0.37666667
0.35
0.30666667
0.37333333
0.27
0.26666665
0.25666666
0.46000004
0.32666668
0.32666665
0.34666666
0.44333333
0.38333333
0.32666665
0.33666664
0.33333334
0.25666666
0.3033333
0.24999999
0.32666665
0.27666664
0.29333335
0.32999998
0.35666668
0.35000002
0.42666668
0.37
0.31333333
0.27666667
0.30333334
0.36666667
0.29666668
0.32
0.2866667
0.31333333
0.32333332
0.33999997
0.28333333
0.33666664
0.21666667
0.27
0.38
0.44
0.30333334
0.33
0.37666667
0.37
0.27666664
0.31333333
0.41
0.32333332
0.34
0.35000002
0.34666666
0.24333334
0.25666666
0.29333335
0.32333332
0.36
0.26666665
0.37
0.30666667
0.33999997
0.28666666
0.39999998
0.30666667
0.34
0.40333334
0.31666666
0.3033333
0.2733333
0.33666667
0.32666668
0.31
0.25
0.32666665
0.21333332
0.36
0.33333334
0.30666664
0.33
0.37666667
0.30666667
0.44
0.26333332
0.33666667
0.32333332
0.42999998
0.39000002
0.29000002
0.32333332
0.27
0.31666666
0.35
0.28333333
0.30333334
0.28
0.31333333
0.39999998
0.38666666
0.34
0.36333334
0.28666666
0.32
0.29
0.33666667
0.3766667
0.29333332
0.38
0.47
0.32666665
0.35
0.37333333
0.35000002
0.30333334
0.30666667
0.32666665
0.34
0.31666666
0.32666665
0.26333335
0.29666665
0.32
0.35666668
0.37333333
0.32
0.34
0.42666668
0.24666667
0.26
0.34
0.32333332
0.24333334
0.35333335
0.36666667
0.40000004
0.31
0.37333333
0.32333332
0.41333333
0.44333333
0.3466667
0.33
0.33666667
0.31333333
0.36333334
0.35999998
0.31333333
0.35333332
0.3866667
0.28
0.28333333
0.38333333
0.42666665
0.33999997
0.31
0.30333334
0.22666666
0.32333332
0.29666668
0.30333334
0.37333333
0.28333333
0.36333334
0.37666667
0.29333332
0.36333334
0.32
0.36
0.40333334
0.38333336
0.4033333
0.43666667
0.39333332
0.46333334
0.34999996
0.37666667
0.27666667
0.23
0.32666668
0.30666667
0.3
0.3733333
0.33
0.32
0.3
0.30666667
0.3
0.47333333
0.31999996
0.34
0.39
0.35333335
0.3333333
0.27333334
0.37333333
0.35333332
0.35666665
0.29666665
0.43333337
0.36333334
0.30666667
0.40333334
0.33
0.43
0.37333333
0.43666667
0.39666668
0.29333335
0.39000002
0.28
0.39000002
0.34666666
0.39333335
0.36333334
0.31
0.45333335
0.35333332
0.35333332
0.35666665
0.32
0.4166667
0.31
0.36666667
0.37333333
0.40333337
0.31333333
0.33666667
0.29333332
0.32666665
0.34333333
0.3
0.30333334
0.31333333
0.31
0.38
0.39333332
0.28333333
0.41333333
0.25333333
0.28333333
0.37333333
0.38000003
0.29000002
0.35
0.36333334
0.27
0.29333335
0.26
0.21333334
0.29666668
0.3333333
0.35000002
0.31666666
0.32
0.32
0.33666667
0.32
0.34666666
0.39333332
0.27666667
0.31666666
0.3366667
0.33333334
0.33
0.28
0.36333334
0.35333332
0.25
0.26
0.29
0.32
0.33666667
0.24666667
0.23666665
0.35666665
0.34666666
0.3633333
0.20666666
0.3866667
0.26333335
0.41666666
0.32333332
0.34666666
0.27
0.34333333
0.34666663
0.28666666
0.3333333
0.26666665
0.32333332
0.25666666
0.32333332
0.32
0.41
0.32666668
0.32666665
0.34333333
0.27
0.43
0.36666667
0.28666666
0.31
0.29666668
0.38333333
0.32
0.39000002
0.28666666
0.31666666
0.35666665
0.41333333
0.23
0.3333333
0.39333332
0.34333333
0.37
0.34666666
0.33999997
0.37
0.35
0.31333333
0.33999997
0.3466667
0.33
0.36333334
0.3
0.39333335
0.29666668
0.31666666
0.43
0.4066667
0.35999998
0.30666667
0.32333335
0.3
0.36666667
0.30333334
0.28333336
0.35000002
0.30666667
0.36333334
0.4066667
0.36
0.25666666
0.27333334
0.30666667
0.36
0.39333332
0.35666668
0.28
0.41
0.34333333
0.33666667
0.3166667
0.32666665
0.35999998
0.24333334
0.37
0.34333333
0.34
0.41
0.37666667
0.3866667
0.30666667
0.39333335
0.33333334
0.37666667
0.41
0.25666666
0.30666667
0.35333332
0.33666664
0.31333333
0.33333334
0.32333332
0.29
0.37666667
0.32333332
0.38333333
0.26333332
0.37
0.30333334
0.22000001
0.31333333
0.3133333
0.30666667
0.27333334
0.32000002
0.38333333
0.22999999
0.37666667
0.31
0.33
0.37666667
0.37333333
0.34333333
0.28666666
0.38666666
0.43
0.31
0.35333332
0.39666665
0.32999998
0.38000003
0.41333333
0.30333334
0.38000003
0.34666666
0.31666666
0.29333332
0.32333332
0.36
0.26333332
0.32333332
0.29666668
0.32999998
0.27999997
0.31
0.35333335
0.28333333
0.32333332
0.35666668
0.30666667
0.26666665
0.29333332
0.30999997
0.23
0.36333334
0.39333332
0.40333337
0.31666666
0.35
0.30666667
0.37333333
0.32666665
0.29000002
0.26333335
0.3
0.43
0.37
0.33666664
0.3633333
0.35666665
0.29333335
0.28666666
0.29666668
0.37666667
0.27333334
0.23333333
0.30333334
0.29
0.36666667
0.32
0.29
0.3766667
0.35000002
0.33
0.28666666
0.31333333
0.28
0.36
0.34666666
0.39666668
0.32000002
0.33666667
0.34
0.26
0.38
0.36333334
0.44333333
0.29
0.29
0.33
0.49
0.31333333
0.38333336
0.3
0.26333332
0.32666668
0.33666667
0.31333333
0.41000003
0.45333332
0.25
0.36666667
0.39666668
0.28333333
0.35
0.35000002
0.40333334
0.38333336
0.41333333
0.32333332
0.31
0.38333336
0.34
0.39666665
0.28333336
0.33
0.2866667
0.39333338
0.34666666
0.30333334
0.33999997
0.31666666
0.34333333
0.38
0.32333332
0.28666666
0.31666666
0.41666666
0.39333335
0.34
0.36333334
0.39666665
0.26333332
0.31666666
0.40666667
0.3633333
0.37
0.36
0.31
0.35333335
0.34
0.36666667
0.37
0.41333333
0.31666666
0.36333334
0.45
0.29
0.42333332
0.36333334
0.27666667
0.41666666
0.31333333
0.39666668
0.29333332
0.36666664
0.34666666
0.31
0.24000001
0.37666667
0.33333334
0.35999998
0.28
0.36666667
0.29
0.35
0.36666667
0.37
0.33666664
0.39999998
0.25666666
0.34333333
0.31333333
0.37
0.37333333
0.40666664
0.29666665
0.29000002
0.26333332
0.32
0.30666667
0.33666664
0.32
0.31
0.39000005
0.39000002
0.37
0.32333335
0.31666666
0.26333332
0.35333332
0.29999998
0.27333334
0.29666668
0.39
0.33
0.27
0.34333336
0.28
0.36666667
0.29000002
0.30333334
0.26999998
0.31333333
0.35999998
0.32666665
0.31666666
0.34
0.3
0.30333334
0.3466667
0.27333334
0.40333337
0.27
0.29999998
0.30333334
0.42333335
0.39333332
0.38666666
0.3
0.37666667
0.28333336
0.42333335
0.3
0.31333333
0.35
0.37333333
0.32333332
0.3033333
0.36333334
0.37
0.4
0.37666667
0.2833333
0.37666667
0.37333333
0.33666667
0.39
0.3
0.33666667
0.42000002
0.3533333
0.34333333
0.33666667
0.34333333
0.26666668
0.38333336
0.32666668
0.29333332
0.33
0.34666666
0.32
0.43333334
0.30333334
0.33333334
0.38
0.35666668
0.30333334
0.36666667
0.32666665
0.36333334
0.38333333
0.3866667
0.30333334
0.32
0.38333336
0.34666663
0.38333333
0.40333334
0.33666664
0.34333333
0.4066667
0.29333335
0.26333332
0.39000002
0.33666664
0.35666668
0.42666668
0.33333334
0.35333335
0.37
0.36666667
0.28333333
0.40333337
0.36
0.36666667
0.35666665
0.3466667
0.33
0.35333332
0.34333333
0.37666667
0.25666666
0.35333335
0.29333332
0.29666665
0.36333334
0.35
0.39000002
0.36666664
0.37333333
0.35666665
0.32666665
0.34333333
0.37666667
0.33666667
0.38333333
0.26666668
0.40666667
0.30333334
0.37
0.35333332
0.33333334
0.29666668
0.29
0.38333333
0.3333333
0.32999998
0.32333332
0.32333332
0.22
0.26333332
0.25
0.41
0.35666668
0.4166667
0.3433333
0.37
0.42
0.27333334
0.34666663
0.28
0.3466667
0.34
0.3
0.25333333
0.32
0.32
0.39
0.41000003
0.32666665
0.4
0.29000002
0.29333332
0.31
0.40333337
0.31
0.27666667
0.25
0.29000002
0.44
0.38
0.3333333
0.35
0.34333333
0.38666666
0.41333336
0.27666667
0.37333333
0.36666664
0.38
0.33
0.24666667
0.34666666
0.37
0.33666664
0.31
0.26333335
0.36666667
0.4033333
0.34
0.42666668
0.37333333
0.3
0.42666668
0.30333334
0.31666666
0.38
0.33999997
0.32000002
0.27666667
0.31333333
0.35000002
0.36333334
0.4166667
0.28
0.40333337
0.47333333
0.42999998
0.39333332
0.29000002
0.37
0.29666665
0.34000003
0.36666664
0.37
0.31333333
0.31666666
0.35666668
0.4033333
0.32000002
0.31333333
0.33333334
0.35666665
0.32333332
0.37666667
0.36666667
0.38
0.34
0.3333333
0.32333335
0.32333335
0.3466667
0.26333332
0.38
0.36666664
0.36666667
0.35666665
0.35999998
0.37333333
0.29333332
0.32333332
0.33333334
0.28000003
0.37333333
0.39
0.3466667
0.39999998
0.4166667
0.31333333
0.21666667
0.4166667
0.40666667
0.31333333
0.30333334
0.42666665
0.32
0.39333335
0.31333333
0.37666667
0.49666667
0.37333333
0.32666665
0.34
0.3633333
0.36
0.3633333
0.32666668
0.42333335
0.39333332
0.42333335
0.32666665
0.40666667
0.35333335
0.32333332
0.4
0.39
0.36
0.33999997
0.29
0.31666666
0.37333333
0.28666666
0.36333334
0.32
0.35
0.3866667
0.33
0.2733333
0.35333332
0.33999997
0.35333335
0.21000001
0.32333335
0.34333333
0.31
0.39333335
0.36666667
0.29666668
0.32666665
0.36
0.32333335
0.34
0.34333333
0.31666666
0.38
0.32
0.3466667
0.35333332
0.37666667
0.27333334
0.38
0.33666667
0.27
0.39333335
0.37333333
0.37666667
0.2866667
0.35999998
0.37
0.26
0.39333335
0.33333334
0.27333334
0.42333332
0.40666667
0.32666665
0.42000002
0.33333334
0.33666664
0.35333335
0.31
0.34666666
0.34333336
0.33
0.43666667
0.46666667
0.33
0.3333333
0.3033333
0.35666665
0.36
0.31
0.3433333
0.31666666
0.50333333
0.32
0.37666667
0.34666663
0.36666664
0.26
0.30666667
0.36666667
0.24333334
0.35666668
0.34333333
0.35000002
0.28333336
0.35666668
0.42666668
0.44333333
0.37333333
0.42
0.32666665
0.37666667
0.35666668
0.3433333
0.39333332
0.31666666
0.35000002
0.31666666
0.3
0.31
0.43666667
0.42666668
0.38
0.31333333
0.33
0.37666667
0.40666667
0.31666666
0.38000003
0.39333335
0.45000002
0.39333335
0.38333333
0.4066667
0.38
0.47
0.3733333
0.37333333
0.28
0.42000002
0.28333333
0.24
0.33999997
0.30333334
0.28666666
0.27666664
0.36333334
0.31666666
0.36333334
0.34
0.34666666
0.29666665
0.43666667
0.33
0.3433333
0.29666668
0.35999998
0.39666668
0.3333333
0.36666664
0.32
0.37333333
0.32333335
0.31999996
0.33666667
0.38333333
0.34666666
0.36666667
0.27333334
0.41000003
0.34666666
0.36666667
0.35666668
0.35000002
0.36333334
0.31
0.42000002
0.3433333
0.42000002
0.31666666
0.4
0.35
0.37666667
0.42333335
0.33333334
0.4666667
0.33
0.35666665
0.27333334
0.45333332
0.30333334
0.40333334
0.36333334
0.37
0.34666666
0.33666667
0.34333333
0.35999998
0.32666665
0.4333333
0.29333332
0.40333337
0.30999997
0.36333334
0.39
0.41000003
0.38333336
0.32000002
0.38
0.38333333
0.38
0.32333332
0.29
0.26999998
0.40999997
0.4333333
0.34666666
0.37666667
0.31
0.27333334
0.35666665
0.27666667
0.33333334
0.44
0.31
0.32
0.4
0.28666666
0.4
0.31666666
0.35666668
0.26666668
0.40333334
0.4
0.35333335
0.34000003
0.38333333
0.35666668
0.33666664
0.44666666
0.34666666
0.42333335
0.4166667
0.30666667
0.28333333
0.36
0.4066667
0.4066667
0.33666664
0.25666666
0.31333333
0.3
0.35666665
0.32333332
0.35666665
0.38
0.38
0.30666667
0.5
0.3633333
0.31333333
0.40666667
0.33333334
0.30333334
0.39999998
0.29333335
0.32
0.32333332
0.26666665
0.38333333
0.40333334
0.45666668
0.32
0.31333333
0.35666665
0.36666667
0.36
0.33666664
0.35000002
0.44666666
0.41666666
0.32666668
0.32999998
0.47
0.42666668
0.30333334
0.38000003
0.30666667
0.31666666
0.46666667
0.4633333
0.30666667
0.31333333
0.4166667
0.3466667
0.42333335
0.36333334
0.27333334
0.30333334
0.27666667
0.43333334
0.41000003
0.37
0.32333332
0.3633333
0.37666667
0.37333333
0.49
0.35999998
0.38333336
0.26666668
0.40333334
0.30666664
0.34666666
0.44333333
0.37666667
0.39333335
0.46333334
0.32
0.32000002
0.3866667
0.34
0.28
0.26666665
0.37666667
0.26
0.3333333
0.29666668
0.32999998
0.33999997
0.33666664
0.34
0.45333335
0.4433333
0.26333335
0.29000002
0.37
0.24999999
0.34333333
0.39333332
0.37
0.31
0.41
0.32666668
0.31
0.32333335
0.35000002
0.42000002
0.32999998
0.46
0.31666666
0.35666665
0.3466667
0.34666666
0.32999998
0.34333333
0.40000004
0.29333335
0.33666667
0.33666667
0.29333332
0.35666668
0.37333333
0.32666668
0.37333333
0.28333333
0.4166667
0.37333333
0.34000003
0.42666665
0.4633333
0.41
0.42
0.35
0.37333333
0.42000002
0.32333332
0.37
0.3333333
0.38
0.32666668
0.32
0.28
0.38333333
0.28333333
0.32
0.3
0.34
0.39000002
0.38
0.46
0.38666666
0.40666667
0.31666666
0.29999998
0.37666667
0.32666665
0.32666665
0.34666666
0.38
0.38333333
0.3433333
0.34666666
0.34
0.35666668
0.36333334
0.35666665
0.34666666
0.29000002
0.35999998
0.39666665
0.30666667
0.39333335
0.31666666
0.32999998
0.28666666
0.37333333
0.4033333
0.35999998
0.39666665
0.32999998
0.40666667
0.29666668
0.29333335
0.38000003
0.34
0.37
0.35000002
0.35666668
0.43
0.21666667
0.34333333
0.34666666
0.37333333
0.32666668
0.4
0.2866667
0.48333332
0.28333333
0.3
0.29333332
0.37333333
0.35
0.33
0.33999997
0.43
0.32666665
0.30666667
0.31333333
0.42333335
0.35666665
0.32
0.35666662
0.33
0.39666668
0.3166667
0.34666663
0.32666665
0.29000002
0.36333334
0.42000002
0.34666663
0.36333334
0.3633333
0.32666665
0.38333336
0.34333333
0.24666665
0.33333334
0.39
0.27666667
0.39666668
0.34666666
0.36333334
0.40333334
0.28
0.36666664
0.27333334
0.3466667
0.37666667
0.42333335
0.31333333
0.42
0.36666667
0.47333333
0.3033333
0.32333332
0.37333333
0.29333332
0.25666666
0.4166667
0.45000002
0.31333333
0.35666668
0.38333333
0.38333333
0.37666664
0.32666668
0.38
0.35999998
0.37333333
0.3633333
0.29
0.42666668
0.32999998
0.34666666
0.3766667
0.32999998
0.34
0.39666668
0.37333333
0.39333332
0.46333334
0.32666665
0.46
0.37333333
0.37666667
0.37
0.36333334
0.35333332
0.32666665
0.32999998
0.36
0.35999998
0.37333333
0.24
0.34666666
0.36666667
0.37
0.34666666
0.20666668
0.33666667
0.41000003
0.38666666
0.27666664
0.39333332
0.40666667
0.30333334
0.37
0.32666668
0.32333332
0.37666667
0.33666667
0.34666666
0.43333334
0.43
0.39000002
0.36
0.31
0.3866667
0.38
0.3
0.36333334
0.45
0.37333333
0.32333332
0.32333335
0.32666668
0.38333333
0.35666668
0.32666668
0.34999996
0.33
0.35
0.27333334
0.36
0.37333333
0.46666667
0.39333332
0.3333333
0.30666667
0.40666667
0.30333334
0.36333334
0.35666668
0.45
0.36
0.41333336
0.26666665
0.4
0.43333334
0.47000003
0.39
0.35999998
0.36
0.37666667
0.32999998
0.3733333
0.31666666
0.47666666
0.32666668
0.37
0.35333332
0.41333333
0.33666664
0.34
0.37000003
0.36666664
0.32666665
0.35
0.30666667
0.37333333
0.38333333
0.3466667
0.35000002
0.27
0.33666667
0.37666667
0.38
0.25333333
0.42666665
0.34
0.39666668
0.34666666
0.27999997
0.30333334
0.28
0.26333332
0.37333333
0.41
0.41
0.42333335
0.23333333
0.36666667
0.37
0.31666666
0.30666667
0.35666665
0.41333333
0.3866667
0.36666667
0.36
0.33999997
0.47333333
0.32
0.36333334
0.31666666
0.36333334
0.29333335
0.28
0.42000002
0.24666667
0.37666667
0.3
0.28
0.34333333
0.35666665
0.32333332
0.45666668
0.33333334
0.34333333
0.37
0.32
0.2733333
0.33666667
0.31
0.39333332
0.25333333
0.36
0.31333333
0.38
0.23
0.38333333
0.4
0.35666665
0.29
0.3633333
0.36666667
0.41666666
0.36333334
0.46
0.36666667
0.24000001
0.35000002
0.32
0.41
0.37333333
0.37666667
0.36
0.42
0.33333334
0.29333332
0.34666666
0.32666665
0.42
0.40999997
0.32000002
0.4166667
0.29
0.37333333
0.37
0.39000002
0.34333333
0.33666664
0.32666665
0.34
0.32666665
0.4
0.44333333
0.30333334
0.28
0.32
0.38333336
0.41000003
0.29000002
0.37666667
0.31
0.4666667
0.38333333
0.33666664
0.3633333
0.28333333
0.41333336
0.32666665
0.39666665
0.42
0.34
0.43
0.33666664
0.44333336
0.33666667
0.39999998
0.32999998
0.33
0.31333333
0.38333336
0.5333333
0.35333332
0.32666665
0.39
0.37333333
0.35333332
0.35000002
0.37
0.34333333
0.3333333
0.43333334
0.39
0.33999997
0.39
0.32333332
0.34666666
0.41333333
0.2733333
0.32999998
0.3966667
0.43666667
0.37
0.48666668
0.34666666
0.33666667
0.28
0.29666665
0.40666667
0.28000003
0.36
0.44000003
0.39333332
0.35333332
0.35333335
0.44
0.38
0.39333335
0.32999998
0.31333333
0.32999998
0.48
0.3
0.4
0.39000002
0.35666668
0.37666667
0.35999998
0.3866667
0.25666666
0.39333335
0.27666667
0.37666667
0.36333334
0.33666667
0.32
0.3466667
0.23333333
0.35666665
0.36
0.37666667
0.27666667
0.29333335
0.32666668
0.28333333
0.30666667
0.25
0.31666666
0.44666666
0.42333335
0.39666665
0.34666666
0.40333334
0.37666667
0.35
0.34666666
0.32666668
0.31666666
0.39000002
0.39333335
0.38
0.32333332
0.38333333
0.36333334
0.35666668
0.35666668
0.37333333
0.45333332
0.32666668
0.32999998
0.39333335
0.3166667
0.30333334
0.33333334
0.4166667
0.26999998
0.48333335
0.33333334
0.29666668
0.30333334
0.3333333
0.3
0.37333333
0.39
0.35666668
0.27333334
0.30333334
0.29666668
0.34
0.51666665
0.37
0.40333334
0.32666665
0.42333332
0.3
0.37333333
0.3
0.4
0.37333333
0.41
0.32333332
0.37
0.37
0.38
0.39
0.28
0.35999998
0.28666666
0.37
0.31666666
0.43333334
0.47
0.30333334
0.4066667
0.38333333
0.34666666
0.33999997
0.32666665
0.3766667
0.35333332
0.32666668
0.38333333
0.41333336
0.32333332
0.37333333
0.45999998
0.31
0.30333334
0.29
0.34666666
0.39000002
0.35
0.4066667
0.43333334
0.33666667
0.35333332
0.31
0.37666667
0.36333334
0.35666668
0.22999999
0.38333333
0.39666665
0.3433333
0.30666667
0.35333335
0.36666664
0.36
0.40666667
0.31666666
0.38333336
0.42333335
0.40333334
0.28
0.39333332
0.45333332
0.36666667
0.32
0.37333333
0.37
0.4
0.34666666
0.37666667
0.43333334
0.48
0.36333334
0.46
0.37
0.34333333
0.28666666
0.33333334
0.34333333
0.37333333
0.39666665
0.37
0.37666667
0.40333334
0.39333335
0.42999998
0.31
0.31666666
0.36
0.34666666
0.34666666
0.3866667
0.40666667
0.37666667
0.42666668
0.37333333
0.27666667
0.38
0.32999998
0.37333333
0.41
0.31666666
0.39333332
0.36
0.41666666
0.35333335
0.38
0.3466667
0.28333333
0.32
0.35666665
0.3
0.3
0.34
0.28
0.34
0.39000002
0.24333334
0.3433333
0.32333332
0.39333332
0.47666666
0.33333334
0.39666668
0.31
0.34666663
0.29333332
0.35333332
0.2733333
0.32
0.33999997
0.35666668
0.28666666
0.27
0.34333333
0.27666667
0.36333334
0.40666667
0.30333334
0.28666666
0.3333333
0.27666667
0.30666667
0.34333333
0.39333332
0.3866667
0.39333332
0.38333333
0.42333335
0.28666666
0.30666667
0.35666668
0.42000002
0.36333334
0.41333336
0.36
0.27
0.34
0.35333332
0.39333332
0.42666668
0.24666665
0.45
0.39000002
0.33333334
0.30666667
0.3433333
0.41
0.24333334
0.37666667
0.23000002
0.35
0.44000003
0.44333333
0.37333333
0.35333332
0.44666666
0.32666665
0.36666667
0.31666666
0.37333333
0.32666668
0.3333333
0.32
0.26
0.32666665
0.26333332
0.36333334
0.37666667
0.4
0.42000002
0.32333332
0.48666668
0.47000003
0.4166667
0.31666666
0.31
0.4
0.5
0.41
0.32333332
0.3966667
0.37333333
0.42333332
0.40666667
0.42000002
0.3333333
0.39
0.4133333
0.38333333
0.37
0.36333334
0.26333332
0.39333332
0.27
0.31666666
0.35666665
0.44
0.39333335
0.30333334
0.44333333
0.4
0.36
0.38
0.35999998
0.23666668
0.29666668
0.37
0.29666668
0.32999998
0.39666668
0.43666667
0.35000002
0.3766667
0.36
0.37
0.35333335
0.33
0.31333333
0.36
0.37333333
0.38000003
0.37333333
0.3633333
0.29000002
0.42
0.30666667
0.40333334
0.39333335
0.42333335
0.4
0.44
0.41333336
0.47000003
0.32
0.3766667
0.2733333
0.35333332
0.36
0.39666668
0.34
0.30666667
0.31666666
0.45333335
0.42333335
0.3
0.32
0.40666667
0.35000002
0.32666665
0.32333332
0.32666668
0.34
0.27333334
0.45000002
0.27999997
0.36666667
0.37333333
0.26333332
0.34333333
0.39333335
0.37
0.42000002
0.38
0.35333332
0.35333332
0.36333334
0.35666665
0.29666665
0.48000002
0.3466667
0.32666665
0.34
0.33333334
0.39666668
0.43333334
0.37333333
0.32
0.42999998
0.28333333
0.39666665
0.30666667
0.43333334
0.33666664
0.37
0.26333332
0.34666666
0.24333332
0.45
0.31333333
0.34666666
0.33333334
0.41333333
0.35333335
0.30333334
0.40666667
0.37666667
0.33333334
0.32333332
0.40000004
0.38
0.35333335
0.36333334
0.32666665
0.33333334
0.35666665
0.34333333
0.3
0.34666666
0.39
0.37666667
0.3
0.3966667
0.3333333
0.29333335
0.3
0.29666665
0.4166667
0.33666667
0.38000003
0.40666667
0.39333335
0.42666668
0.30333334
0.35333332
0.32
0.35333332
0.28666666
0.38666666
0.45666665
0.41333336
0.36666667
0.41
0.32
0.38666666
0.35999998
0.38333333
0.37666664
0.33666664
0.42333332
0.22666667
0.46333334
0.30333334
0.33
0.44333333
0.42
0.35333335
0.4066667
0.43333334
0.43333334
0.33
0.42
0.40666664
0.42333332
0.3866667
0.41
0.35666668
0.39
0.35333332
0.3
0.34333333
0.38333333
0.39000005
0.3333333
0.42333335
0.41333333
0.40333334
0.31
0.38666663
0.42333335
0.37666667
0.35
0.39333332
0.32333335
0.3866667
0.26666665
0.33666667
0.35
0.30333334
0.44666666
0.3766667
0.46
0.34666666
0.3033333
0.39000002
0.31
0.32333332
0.31333333
0.43666667
0.41333333
0.31333333
0.40333334
0.42333335
0.32666665
0.36
0.34666663
0.42333332
0.31333333
0.28333333
0.3333333
0.37666667
0.38333333
0.33
0.26
0.38
0.29333335
0.39666668
0.38333333
0.43333334
0.42000002
0.38666666
0.35666665
0.38
0.4166667
0.35999998
0.37333333
0.34333333
0.42000002
0.35000002
0.35000002
0.31666666
0.30666664
0.28
0.35333335
0.42
0.36
0.39666668
0.35
0.45000002
0.35
0.25666666
0.36333334
0.3866667
0.3866667
0.37
0.35
0.33999997
0.27333334
0.32333332
0.37666667
0.30666667
0.38333336
0.31
0.36
0.30666664
0.26
0.35999998
0.33666667
0.45000002
0.38333333
0.32999998
0.42000002
0.32666665
0.44333333
0.36666664
0.29
0.34333333
0.35333332
0.30666667
0.31333333
0.36
0.4033333
0.38666666
0.38
0.35333335
0.29666665
0.28333333
0.34
0.40333337
0.29333332
0.31
0.46333334
0.40333334
0.32666668
0.3166667
0.36666664
0.23666666
0.35
0.41333333
0.38
0.37333333
0.36666667
0.45
0.45666665
0.28333333
0.38
0.4066667
0.39000002
0.24333331
0.31333333
0.36666667
0.42666668
0.46666667
0.37333333
0.38333333
0.31
0.42
0.34666666
0.29333332
0.4466667
0.41333333
0.36333334
0.3466667
0.36666667
0.37333333
0.40666667
0.47333336
0.29
0.26999998
0.31
0.31
0.44333333
0.4
0.43
0.39666668
0.35666665
0.4066667
0.38000003
0.35333332
0.39333332
0.36666667
0.34666666
0.30333334
0.33
0.26999998
0.44666666
0.52
0.35000002
0.34333333
0.37333333
0.31
0.36333334
0.27666667
0.39666665
0.4466667
0.32999998
0.33999997
0.38666666
0.39000002
0.31333333
0.37666667
0.41666666
0.40666667
0.38
0.42666668
0.39666668
0.46666667
0.33999997
0.43666667
0.34666666
0.43333334
0.34
0.48666668
0.3633333
0.36666667
0.44333336
0.28666666
0.45000002
0.3466667
0.29
0.32999998
0.41666666
0.3433333
0.40333334
0.35666665
0.35333332
0.43
0.38000003
0.25666666
0.30333334
0.42000002
0.32666665
0.27666667
0.33666667
0.34333336
0.32666668
0.32
0.42666668
0.33666667
0.2733333
0.42666668
0.31666666
0.31
0.40333337
0.43333334
0.33
0.25333333
0.25333333
0.2866667
0.37
0.41666666
0.33666667
0.37999997
0.40333334
0.3633333
0.3333333
0.31
0.45
0.34333333
0.34666663
0.41666666
0.45
0.41666666
0.36333334
0.35
0.34666666
0.32333335
0.37
0.37666667
0.40666667
0.33333334
0.38
0.41000003
0.4766667
0.37666667
0.42666668
0.34666663
0.42333335
0.45000002
0.37
0.41666666
0.38333333
0.38666666
0.39666668
0.25666666
0.35666668
0.30333334
0.34333336
0.45333335
0.31333333
0.33666667
0.33666667
0.29666668
0.29666668
0.29333335
0.35666665
0.33666667
0.46333334
0.37666667
0.31
0.33666667
0.41666666
0.29666668
0.48000002
0.27666667
0.3633333
0.28333333
0.39333335
0.35
0.38
0.32999998
0.41
0.41
0.37666667
0.34333333
0.42666668
0.39
0.34333336
0.33
0.4
0.40999997
0.42666668
0.35
0.32666668
0.31
0.33666667
0.41000003
0.29333335
0.2866667
0.4
0.34333336
0.29000002
0.41
0.31
0.30666667
0.34666666
0.42333332
0.43666667
0.32000002
0.33666664
0.41
0.4
0.3333333
0.28666666
0.31333333
0.35333332
0.39666668
0.32
0.40666667
0.33
0.33666667
0.36666667
0.35666665
0.36333334
0.32
0.29000002
0.41333336
0.42333335
0.32
0.34
0.39000002
0.35000002
0.3166667
0.35333332
0.42
0.29333332
0.32666665
0.37333333
0.33666667
0.45666665
0.46
0.35
0.31666666
0.35666668
0.30666667
0.38333333
0.42333335
0.41333333
0.32999998
0.44666666
0.39333332
0.37
0.38333333
0.4033333
0.22999999
0.34666666
0.26
0.37
0.38333336
0.45999998
0.34333333
0.39
0.38666666
0.32666665
0.35000002
0.38333333
0.40333334
0.30666667
0.41333336
0.46333334
0.3
0.35666668
0.32000002
0.48
0.35
0.33666667
0.4
0.38333333
0.38
0.40666667
0.33666664
0.3966667
0.34666666
0.53000003
0.35333332
0.37
0.37
0.42000002
0.34333333
0.32
0.39000002
0.37
0.39666668
0.34
0.41666666
0.32
0.42666668
0.37333333
0.39666665
0.42666668
0.32666668
0.3333333
0.31333333
0.26
0.3333333
0.36
0.35999998
0.43666667
0.29000002
0.28333333
0.31
0.28
0.28666666
0.49666667
0.4666667
0.33333334
0.37
0.37666667
0.37666667
0.38333333
0.36666667
0.43
0.35666668
0.39666668
0.40666667
0.41333333
0.4
0.40333334
0.34333336
0.32666665
0.43666667
0.39999998
0.30666667
0.33333334
0.35999998
0.26
0.39
0.44
0.32666665
0.32666665
0.28666666
0.31333333
0.32666665
0.34666666
0.3633333
0.46
0.46333334
0.31
0.31666666
0.31333333
0.3
0.43333334
0.39666665
0.42333335
0.38
0.32
0.35333335
0.40333334
0.26666665
0.32333332
0.41000003
0.27
0.38333336
0.26666668
0.36333334
0.41333333
0.32
0.36666667
0.27666664
0.28333333
0.29666668
0.36333334
0.31
0.32
0.37666667
0.31666666
0.34333333
0.38
0.33
0.33666667
0.37
0.40333337
0.31
0.43666667
0.32999998
0.44
0.38
0.27333334
0.37
0.33666667
0.4
0.38666666
0.35
0.29666668
0.39666668
0.40666667
0.35333335
0.29666665
0.31000003
0.32666668
0.3466667
0.43666667
0.3333333
0.44666666
0.41333333
0.27666664
0.3866667
0.42666665
0.42000002
0.47000003
0.33666667
0.31333333
0.32666665
0.35333335
0.42333335
0.32666668
0.41
0.27666667
0.31
0.30333334
0.45
0.29999998
0.40333334
0.37666667
0.41333333
0.28333333
0.39999998
0.32666665
0.47000003
0.41333333
0.30333334
0.35333335
0.38333333
0.35333332
0.45333335
0.42666665
0.30666667
0.38666666
0.35666668
0.29999998
0.39666665
0.3366667
0.3633333
0.29999998
0.34666663
0.37666667
0.37
0.37666667
0.34666666
0.34666666
0.40333334
0.35999998
0.34666666
0.42333335
0.37333333
0.38333333
0.38333333
0.28666666
0.40333334
0.45666668
0.33666667
0.38666666
0.38333333
0.42000002
0.36666667
0.43333334
0.39666668
0.41333336
0.32333332
0.44
0.40666667
0.36666667
0.39999998
0.41333336
0.37333333
0.33333334
0.35666668
0.32666665
0.49333334
0.37
0.39666668
0.28333336
0.38666666
0.39666665
0.35666668
0.42333332
0.24000001
0.33999997
0.29000002
0.36666667
0.35333335
0.35333335
0.38666666
0.36333334
0.4133333
0.39666665
0.27666667
0.43333334
0.34666666
0.38666666
0.43
0.45333332
0.35333332
0.37000003
0.34
0.42333332
0.28
0.30999997
0.37333333
0.37333333
0.38666666
0.28
0.32
0.32333332
0.26666668
0.42666668
0.33999997
0.44666666
0.34333336
0.31
0.36333334
0.34333333
0.36333334
0.4166667
0.33666664
0.38333336
0.37333333
0.36
0.35000002
0.39666665
0.39333335
0.39666665
0.32333335
0.37666667
0.4033333
0.37666667
0.32666668
0.4333333
0.25333333
0.36
0.29666668
0.38000003
0.39999998
0.41666666
0.37
0.3333333
0.37
0.38666666
0.35000002
0.4566667
0.31333333
0.31
0.38333333
0.3
0.35333335
0.37666667
0.39666668
0.38
0.34666666
0.27
0.36
0.36
0.4166667
0.32999998
0.41333333
0.35666665
0.25333333
0.32333332
0.37666667
0.4033333
0.32333332
0.39000002
0.48
0.43333334
0.34666666
0.38666666
0.33666664
0.28666666
0.4166667
0.29
0.41666666
0.32
0.35666668
0.35666665
0.34333333
0.32
0.28666666
0.47
0.43666667
0.37333333
0.31
0.3333333
0.32999998
0.22666666
0.32666665
0.39666668
0.35666665
0.32333332
0.4033333
0.38666666
0.33666667
0.41333336
0.36333334
0.34
0.44
0.37666667
0.32333332
0.34333333
0.32333332
0.34333333
0.37666667
0.38333333
0.31
0.38
0.39000005
0.33666664
0.4
0.45
0.32333332
0.31666666
0.35
0.33666667
0.22
0.32333332
0.46666667
0.29666665
0.31333336
0.36
0.37
0.41000003
0.3433333
0.33666664
0.38666666
0.32666668
0.35
0.31666666
0.38333333
0.39
0.42000002
0.44
0.39333335
0.3633333
0.39
0.39
0.39333332
0.4066667
0.31
0.3966667
0.36666667
0.42666668
0.45666668
0.40666667
0.3866667
0.39000002
0.43333334
0.36666667
0.36
0.3633333
0.3033333
0.45
0.38333336
0.46333334
0.38333333
0.40666667
0.31
0.44666666
0.31666666
0.37333333
0.36666667
0.32
0.34666666
0.36
0.34333333
0.43333334
0.48999998
0.32
0.24000001
0.29666668
0.39333332
0.35333335
0.32666665
0.37666667
0.44
0.37666667
0.38666666
0.35666665
0.34666663
0.27333334
0.37
0.29666668
0.36333334
0.35333335
0.38
0.35333335
0.25333333
0.37
0.38333336
0.40333334
0.28333333
0.31
0.31
0.35000002
0.31333333
0.34
0.33333334
0.33
0.3866667
0.35
0.32333332
0.49
0.32333335
0.5
0.29666668
0.38
0.33666667
0.26666668
0.46
0.32
0.34666663
0.5133333
0.37666667
0.35666668
0.45333332
0.38666666
0.39333335
0.31666666
0.38666666
0.34333333
0.26666665
0.4466667
0.43333334
0.32
0.42666668
0.29
0.4066667
0.35333335
0.3733333
0.38
0.32999998
0.35333332
0.4333333
0.39333332
0.31666666
0.36666667
0.3033333
0.38333333
0.35666665
0.37666667
0.36333334
0.25
0.43
0.41666666
0.32666668
0.40666664
0.4
0.3
0.35666668
0.38000003
0.4
0.28666666
0.36666667
0.42333335
0.35
0.38666666
0.36333334
0.29
0.34
0.34666666
0.34333333
0.3333333
0.42000002
0.29666665
0.34
0.38666666
0.39333338
0.42000002
0.32333332
0.4466667
0.32666665
0.40333334
0.22666666
0.34
0.42000002
0.34333333
0.28333336
0.25
0.32666665
0.36666664
0.33
0.4333333
0.35333332
0.32999998
0.38
0.41333333
0.32333332
0.29666665
0.35
0.34
0.38
0.38333333
0.28666666
0.34333333
0.3766667
0.44
0.37666667
0.33666667
0.38333333
0.32333332
0.34666666
0.33666667
0.26666668
0.42666668
0.32
0.29999998
0.37666667
0.35333332
0.40333334
0.39333332
0.37
0.29666668
0.37666667
0.32
0.33666667
0.32999998
0.32333332
0.30333334
0.39333335
0.39999998
0.32999998
0.30333334
0.42666665
0.45666665
0.38333336
0.39666668
0.35333335
0.35666665
0.35666668
0.36666667
0.26
0.3966667
0.39333335
0.36
0.38333333
0.41000003
0.41000003
0.3866667
0.45000002
0.36
0.31
0.39
0.34
0.34666666
0.32
0.39
0.35666665
0.46666667
0.35000002
0.35
0.27666667
0.33
0.34666666
0.3466667
0.45666668
0.41666666
0.39666668
0.36999997
0.41666666
0.45999998
0.34
0.32999998
0.38
0.4166667
0.33666667
0.40666667
0.39
0.37666667
0.37333333
0.39
0.39666665
0.37
0.38666666
0.33
0.32666665
0.37333336
0.4166667
0.34666666
0.46666667
0.4666667
0.44333333
0.34666663
0.38000003
0.33666667
0.35999998
0.34666666
0.28666666
0.33999997
0.33999997
0.36666667
0.4166667
0.41333336
0.3766667
0.34
0.39666665
0.39000002
0.37666667
0.31000003
0.45666665
0.35333335
0.43
0.32666665
0.39333335
0.41000003
0.35333335
0.40666667
0.31666666
0.36
0.33333334
0.3866667
0.34
0.34666666
0.41666666
0.43
0.29333335
0.31666666
0.31333333
0.28666666
0.34333333
0.37666667
0.37333333
0.35666668
0.31
0.35999998
0.4066667
0.29333335
0.33666667
0.35666665
0.35999998
0.38333336
0.3333333
0.36333334
0.42000002
0.32333332
0.35
0.3866667
0.39
0.27666667
0.32666665
0.33999997
0.36333334
0.45666668
0.39
0.49333334
0.38333333
0.30666667
0.34333333
0.35333332
0.20333333
0.35666665
0.37333333
0.36333334
0.39333335
0.3133333
0.31666666
0.43666667
0.30666667
0.26333335
0.37
0.35666665
0.31
0.31333333
0.43999997
0.38333333
0.39333335
0.48000002
0.39666665
0.28
0.3633333
0.42000002
0.39333332
0.39666668
0.36666667
0.39333335
0.35666665
0.37333333
0.31333333
0.41666666
0.35
0.38333333
0.37666667
0.40333334
0.34666666
0.46333334
0.38
0.42333332
0.29666665
0.39
0.34333336
0.39
0.31666666
0.34
0.42999998
0.33666667
0.4166667
0.32
0.36666667
0.4833333
0.39666668
0.33333334
0.39333335
0.40666667
0.34333333
0.39666665
0.35999998
0.30333334
0.31666666
0.37666667
0.43333334
0.38666666
0.44333333
0.42666668
0.29666665
0.36666667
0.32666665
0.38333333
0.33666664
0.35666662
0.43333334
0.32000002
0.32666665
0.42333335
0.29
0.41666666
0.36999997
0.37666667
0.41333333
0.28333333
0.42
0.39333332
0.35999998
0.34333333
0.35999998
0.35000002
0.45
0.39333332
0.36
0.37666667
0.40000004
0.42333332
0.32999998
0.38
0.40333337
0.39000002
0.41
0.35999998
0.3
0.38000003
0.3466667
0.32999998
0.4266667
0.36
0.35
0.36666667
0.39666668
0.43
0.37333333
0.3866667
0.41
0.2733333
0.38666666
0.32
0.37666667
0.37666667
0.36333334
0.39333335
0.34666666
0.43333334
0.53333336
0.36333334
0.35
0.44
0.35000002
0.35666668
0.39333332
0.40333334
0.36666667
0.3466667
0.34
0.31333333
0.38666666
0.47666666
0.34666666
0.32333332
0.43333334
0.45333335
0.21666667
0.33333334
0.29666668
0.4033333
0.27666667
0.47333336
0.44666666
0.4066667
0.4166667
0.38666666
0.35000002
0.36
0.39
0.37333333
0.34333333
0.35666668
0.32
0.33666667
0.39666668
0.3633333
0.39000002
0.43
0.35666668
0.31333333
0.36666667
0.38333336
0.32999998
0.50666666
0.39333332
0.4
0.36333334
0.42333332
0.46333334
0.44
0.31
0.34333333
0.37666667
0.39000002
0.4
0.39333332
0.36
0.35999998
0.32333332
0.32333332
0.42333335
0.38
0.31
0.44666666
0.47666666
0.39
0.4166667
0.37333333
0.3866667
0.32
0.37333333
0.36333334
0.40333334
0.38000003
0.38666666
0.28
0.43
0.29
0.39
0.46333334
0.34666666
0.3866667
0.31
0.39000002
0.37999997
0.36333334
0.38
0.48666668
0.26666668
0.32333332
0.38
0.33666667
0.33999997
0.42
0.44333333
0.44
0.35333335
0.33
0.42333332
0.36666667
0.38333333
0.36
0.30666667
0.4
0.4166667
0.33666664
0.4566667
0.38
0.25333333
0.40666667
0.36333334
0.37666667
0.36666667
0.47000003
0.37
0.35
0.3466667
0.31
0.33666664
0.4166667
0.34333333
0.34666666
0.39666665
0.35333332
0.37
0.32333332
0.39333332
0.30666667
0.38333336
0.42000002
0.44333333
0.31
0.32333332
0.33
0.45666665
0.41333336
0.43
0.28333333
0.33666667
0.37666667
0.33666667
0.38
0.4
0.38333336
0.39666668
0.39333335
0.36
0.46333337
0.47333333
0.45
0.38333333
0.35
0.34333333
0.45999998
0.39333335
0.45333332
0.33333334
0.34999996
0.39
0.31666666
0.33666667
0.45
0.32666665
0.42333335
0.39999998
0.31666666
0.39333332
0.32666665
0.38666666
0.43666667
0.34333336
0.4033333
0.39999998
0.33
0.32333332
0.41
0.35333332
0.38666666
0.40333334
0.39333335
0.42333335
0.34
0.38333333
0.38333333
0.4066667
0.44
0.32333332
0.27666667
0.3333333
0.34
0.3633333
0.42333335
0.37333333
0.43333334
0.42999998
0.34333333
0.45
0.34666663
0.32333332
0.33
0.34333333
0.4033333
0.45999998
0.33666667
0.38333333
0.41000003
0.3466667
0.39000002
0.26666668
0.42666668
0.43333337
0.31
0.39333335
0.44
0.3
0.40666667
0.37666667
0.41333333
0.42333335
0.40666667
0.4166667
0.35999998
0.4066667
0.41666666
0.44
0.49333334
0.32666665
0.36
0.39666665
0.3866667
0.42000002
0.42000002
0.34666666
0.38333333
0.40666667
0.42666668
0.3633333
0.38666666
0.27666667
0.38666666
0.48
0.40333334
0.3
0.39999998
0.39666668
0.41333336
0.25666666
0.35
0.47333336
0.36666667
0.44333336
0.3766667
0.43
0.37333333
0.4833333
0.37
0.41
0.29999998
0.40666667
0.40333334
0.30333334
0.38333333
0.31666666
0.30333334
0.4066667
0.29666668
0.3633333
0.37333336
0.38666666
0.36666667
0.35
0.40333334
0.27
0.41
0.45333335
0.4
0.39333335
0.37333333
0.3866667
0.3033333
0.46999997
0.4333333
0.34666663
0.3033333
0.29666668
0.40000004
0.29333335
0.35000002
0.47333333
0.34333333
0.42
0.36
0.37666667
0.38
0.4
0.4033333
0.4166667
0.35333335
0.35666665
0.35666668
0.41333333
0.38333336
0.33333334
0.35000002
0.32
0.45666668
0.31333333
0.44666666
0.43333334
0.31333333
0.39666665
0.3466667
0.31333333
0.41333333
0.42333335
0.32666665
0.42333332
0.33999997
0.49666667
0.45000002
0.39999998
0.39000002
0.45666668
0.41666666
0.39
0.40666664
0.42666668
0.37333333
0.44
0.37666667
0.32
0.34333333
0.38
0.36
0.44666666
0.35
0.35999998
0.37
0.38
0.32666665
0.40666664
0.30333334
0.44333333
0.31666666
0.4166667
0.40666667
0.43999997
0.43
0.36666667
0.42000002
0.3633333
0.46666667
0.41666666
0.38666666
0.28333333
0.41333336
0.29666668
0.38666666
0.5
0.41333333
0.29666668
0.40666667
0.30666667
0.35
0.37333333
0.33333334
0.28333333
0.33
0.34666666
0.31
0.42000002
0.38000003
0.33666664
0.4
0.45999998
0.35333335
0.35333332
0.29
0.32333332
0.3333333
0.44333333
0.41000003
0.37333333
0.37333333
0.29666668
0.38666666
0.36
0.3866667
0.3
0.37333333
0.50333333
0.41
0.42333335
0.26999998
0.45000002
0.37333333
0.35333335
0.43
0.37666667
0.4
0.35333332
0.41
0.42
0.31333333
0.34333336
0.38333333
0.26
0.3433333
0.3733333
0.42
0.34
0.40666667
0.37
0.39999998
0.40999997
0.4133333
0.43666664
0.39000002
0.39999998
0.36
0.39999998
0.32333332
0.46666664
0.31
0.39333335
0.37
0.39333332
0.40333334
0.37666667
0.53
0.39333335
0.28666666
0.38
0.34
0.42000002
0.37
0.38666666
0.37666667
0.39666668
0.4166667
0.43
0.34666666
0.34
0.33666667
0.44666666
0.29
0.34666666
0.31666666
0.32
0.38666666
0.34333333
0.46666667
0.39333332
0.32
0.3
0.38333336
0.37
0.34333333
0.26000002
0.37333333
0.43
0.37666667
0.29333335
0.29333332
0.35
0.33666667
0.34666663
0.30333334
0.35666665
0.38333336
0.26333332
0.38
0.33666664
0.44666666
0.29666665
0.32333332
0.34666666
0.36333334
0.25333333
0.48333332
0.35000002
0.31666666
0.52666664
0.34
0.33
0.44333333
0.44666666
0.4
0.28666663
0.35666665
0.4033333
0.40333334
0.37
0.36333337
0.31333333
0.31666666
0.35333335
0.39666665
0.39333335
0.40333334
0.35333335
0.32
0.47333336
0.32999998
0.31333333
0.34
0.44000003
0.31333333
0.43
0.35
0.30666667
0.35999998
0.31333333
0.29333335
0.33666664
0.36
0.43333334
0.36
0.32999998
0.3333333
0.48333332
0.23666666
0.35333335
0.32999998
0.32333332
0.44333336
0.31
0.32333332
0.35333335
0.39333332
0.32666665
0.37333333
0.33333334
0.3
0.41333333
0.41333333
0.32666665
0.36
0.36333334
0.48
0.43333334
0.47000003
0.43333334
0.3633333
0.40666667
0.40666664
0.39666665
0.36333334
0.36666667
0.3866667
0.35000002
0.4
0.33
0.41333336
0.37
0.36333334
0.35666665
0.34
0.42666665
0.5333333
0.36333334
0.31333333
0.35333335
0.39000002
0.35
0.46666667
0.47666666
0.34666666
0.36666667
0.33
0.41333333
0.4633333
0.35666668
0.36333334
0.39999998
0.35333335
0.41
0.3333333
0.43333334
0.4
0.27333334
0.45333335
0.34666663
0.39666665
0.43333334
0.40666667
0.40666664
0.38666666
0.38
0.42666668
0.29666665
0.5266667
0.42000002
0.28666666
0.32
0.49666667
0.35333332
0.43666667
0.34666666
0.41000003
0.39
0.35666665
0.35333335
0.40333334
0.40333337
0.3433333
0.42000002
0.42333335
0.45333335
0.42666668
0.39
0.4166667
0.33333334
0.31333333
0.33333337
0.42
0.45666668
0.40333334
0.32666665
0.3
0.3333333
0.45333332
0.34000003
0.30666667
0.44666666
0.47999996
0.36666667
0.41333333
0.44333333
0.34666663
0.37333333
0.35333332
0.4
0.33666667
0.35666668
0.35333335
0.4
0.48000002
0.37
0.34333336
0.39666665
0.4166667
0.4166667
0.40333334
0.36333334
0.39666665
0.42000002
0.41
0.37
0.37
0.40666664
0.51
0.36333334
0.31
0.4666667
0.46
0.33666664
0.4
0.37
0.43333334
0.41000003
0.39
0.35666668
0.46333334
0.56666666
0.43333334
0.42666668
0.43666667
0.32666668
0.36666667
0.30999997
0.37
0.39999998
0.32333332
0.35333332
0.3466667
0.37333333
0.34333333
0.32666668
0.41333333
0.39666668
0.29
0.41333333
0.37
0.42666668
0.35333332
0.41000003
0.41000003
0.40666667
0.53333336
0.42
0.37
0.41666666
0.41
0.40333334
0.46
0.31666666
0.46999997
0.39000002
0.42666668
0.35666668
0.35333332
0.32
0.34666666
0.35666668
0.32333332
0.33
0.49333334
0.42333332
0.40333334
0.4
0.44
0.32333335
0.37333333
0.37333336
0.48666668
0.4066667
0.31
0.29666665
0.3633333
0.39333332
0.30666667
0.37
0.47
0.35333332
0.3433333
0.38333333
0.39666668
0.33333334
0.35666665
0.39666668
0.34666666
0.3333333
0.33666664
0.35666665
0.39
0.35000002
0.35
0.43666667
0.35666665
0.34666663
0.33666667
0.41333333
0.38666666
0.39999998
0.46333334
0.38666666
0.35000002
0.3766667
0.41333336
0.28
0.29
0.39666668
0.35333332
0.35333335
0.34333333
0.4433333
0.35
0.4
0.33999997
0.40333334
0.45
0.4066667
0.34666663
0.36
0.41333333
0.32000002
0.37666667
0.42666668
0.33999997
0.31666666
0.42666668
0.30333334
0.37
0.43333334
0.37333333
0.38333333
0.4166667
0.41333333
0.28333333
0.38
0.39333335
0.38666666
0.43
0.42666665
0.41666666
0.39333332
0.35333332
0.43
0.47333333
0.3
0.42333335
0.4
0.39333332
0.42666668
0.36333334
0.39000002
0.39666668
0.33666664
0.44
0.38333336
0.33666664
0.3633333
0.33666667
0.45999998
0.3333333
0.4
0.34
0.36333334
0.39
0.38333336
0.37666667
0.4666667
0.3333333
0.33
0.38666666
0.44666666
0.43333334
0.40333334
0.48666668
0.42000002
0.49666667
0.47333333
0.40333334
0.5566667
0.40666667
0.39
0.38666666
0.42000002
0.44333333
0.43
0.34333336
0.41000003
0.41000003
0.46999997
0.33666667
0.37333333
0.44333333
0.44
0.32333332
0.49666667
0.45
0.38
