0.2
0.19666666
0.19666667
0.19666666
0.21333334
0.20333335
0.19
0.19333334
0.19999999
0.20666666
0.18666667
0.21333334
0.22000001
0.28333333
0.22
0.24
0.20333333
0.22666666
0.17999999
0.18333334
0.29000002
0.21333334
0.23666668
0.26333332
0.28
0.25666666
0.22
0.21000001
0.3
0.26
0.25333333
0.22666666
0.2733333
0.18666667
0.23
0.31333333
0.23333335
0.28333333
0.27
0.28
0.26666665
0.22666666
0.24000001
0.30333334
0.29000002
0.25666666
0.22
0.29666668
0.16
0.23666668
0.28333333
0.22666666
0.35
0.27333334
0.28
0.32999998
0.25333333
0.23000002
0.29333335
0.35333335
0.29666668
0.22333333
0.32999998
0.22666667
0.27
0.31
0.23666666
0.32666668
0.31333333
0.32
0.36
0.25
0.26333332
0.32999998
0.37333333
0.31666666
0.24333334
0.32999998
0.26
0.28333333
0.31666666
0.24333332
0.4066667
0.36
0.33666664
0.43333334
0.28333333
0.25333333
0.34666666
0.44333336
0.31
0.25
0.33666667
0.23333332
0.28666666
0.35333335
0.28666666
0.4666667
0.35999998
0.31
0.49
