1.8961005
1.938381
1.8295414
1.7709514
1.6956853
1.8325765
1.824295
1.8496683
1.9903628
1.7913383
1.8188624
1.8037117
1.8819189
1.9500877
1.8540722
1.805071
1.7982423
1.7104982
1.8146224
1.7600302
1.6790825
1.8903117
1.80091
1.7314126
1.7759484
1.7296506
1.7858652
1.6903152
1.6781657
1.766015
1.7433577
1.6717163
1.6125066
1.7940779
1.818055
1.7017987
1.8061978
1.7056438
1.6104016
1.6500789
1.7994139
1.8504599
1.5410752
1.7393786
1.6847997
1.7935132
1.7308004
1.8210275
1.661444
1.7494398
1.7094337
1.664647
1.6824667
1.6924869
1.6581976
1.779629
1.6940545
1.6136413
1.6639233
1.5350287
1.708723
1.6373916
1.6609874
1.6974615
1.738361
1.7099842
1.7078083
1.7365098
1.5381111
1.7163152
1.7350359
1.7259599
1.6286379
1.7325976
1.6266081
1.6388214
1.7080572
1.6135848
1.5939682
1.8267884
1.6383936
1.7677795
1.7903166
1.80632
1.7022339
1.6700193
1.5716114
1.7343774
1.6508977
1.6221192
1.7052127
1.7145206
1.5923609
1.6137613
1.5365336
1.5950955
1.6790162
1.5511212
1.6124371
1.6459835
1.71597
1.6484556
1.6978742
1.5739325
1.6863886
1.6873211
1.69467
1.631577
1.6931617
1.6362932
1.5981588
1.6257639
1.7839053
1.6275566
1.6978908
1.7687949
1.689213
1.7037004
1.6578789
1.5653032
1.7165558
1.6211092
1.5865821
1.5802302
1.6002986
1.6159968
1.5439622
1.7113981
1.6830132
1.5886407
1.6404672
1.6800559
1.626018
1.7001617
1.5868344
1.683229
1.5549245
1.6608994
1.6748528
1.4998145
1.6218133
1.6139001
1.8033144
1.5957382
1.5516598
1.6662283
1.6809299
1.6628847
1.6062942
1.6175561
1.5935619
1.671159
1.7097412
1.599478
1.5478693
1.5875592
1.767964
1.6073484
1.6303403
1.6182013
1.5748471
1.7436604
1.6259447
1.6810838
1.6046438
1.6002465
1.6489456
1.5877372
1.6622472
1.7001472
1.709361
1.5876755
1.5731461
1.5919528
1.6701217
1.5563037
1.6414359
1.6539421
1.5187215
1.6751566
1.5351224
1.6590812
1.6152631
1.6616305
1.7062086
1.5526229
1.5618583
1.5520911
1.6156847
1.614786
1.5662942
1.6767479
1.5842143
1.5381782
1.6099702
1.7406412
1.5736318
1.6036221
1.5022879
1.5417922
1.5454038
1.605031
1.671642
1.6361258
1.5370297
1.4960121
1.705646
1.6073064
1.5104051
1.61515
1.5932345
1.4646845
1.6056349
1.522114
1.6525315
1.5719503
1.5174104
1.6995981
1.7332406
1.7006409
1.5776374
1.657216
1.6456982
1.6407509
1.6551204
1.5229712
1.7245731
1.5504384
1.5484653
1.6971048
1.5828216
1.6175846
1.6518635
1.6237378
1.6145207
1.617264
1.5285773
1.6097639
1.5780106
1.6157991
1.6163702
1.6175854
1.6167133
1.5916616
1.5687733
1.6094756
1.4848859
1.676409
1.7068789
1.6238286
1.5351748
1.5693285
1.5361646
1.6372386
1.6812886
1.5642955
1.6072155
1.6422416
1.5625967
1.6101271
1.5849601
1.6703782
1.5900457
1.6135663
1.6209446
1.5681472
1.5530154
1.5784255
1.6151667
1.6518677
1.6342949
1.673615
1.6081942
1.6611077
1.5527086
1.5461621
1.5847855
1.5594957
1.5835409
1.5600753
1.5610615
1.557381
1.5620885
1.5623065
1.5129942
1.5123913
1.6156543
1.6299229
1.5605992
1.5576382
1.5742011
1.658519
1.5923347
1.5354123
1.6247208
1.5313705
1.6174737
1.5797983
1.6522775
1.5626826
1.625597
1.6407951
1.5512439
1.5307971
1.6452689
1.5780343
1.6736314
1.6284237
1.5312455
1.5697647
1.57546
1.6185247
1.5415405
1.5750325
1.4561166
1.6084738
1.6134344
1.6931902
1.5731949
1.5988877
1.6085387
1.4833528
1.7019482
1.5252476
1.4987094
1.518909
1.5406088
1.6935422
1.5287116
1.624014
1.6276792
1.4746268
1.5816958
1.6384661
1.5195601
1.5891397
1.5569352
1.623794
1.6930894
1.5156109
1.4825702
1.573477
1.5511276
1.5123792
1.5447305
1.6792946
1.6424912
1.5779215
1.5735772
1.5961281
1.5630172
1.5589036
1.477371
1.5242522
1.5520667
1.6552104
1.5891266
1.5486007
1.6191765
1.5805811
1.5659164
1.5654273
1.5928695
1.5365477
1.5661799
1.6528314
1.5411752
1.5423691
1.5058819
1.5986159
1.526296
1.6208806
1.6232423
1.5239326
1.5532416
1.4815445
1.6165972
1.551294
1.6107974
1.592799
1.5661882
1.5558124
1.5614574
1.5873566
1.510434
1.6141375
1.6165724
1.5177534
1.5553838
1.6758847
1.6494507
1.6107633
1.5779352
1.6041572
1.6076348
1.6254089
1.6758122
1.649627
1.5575736
1.5961323
1.6548805
1.5205773
1.5832436
1.5831698
1.5258275
1.6027858
1.5611663
1.6489036
1.5094376
1.5330577
1.5890334
1.5489234
1.6586057
1.5835594
1.5326505
1.4832227
1.6159626
1.5225115
1.5500221
1.5082428
1.6213288
1.5392873
1.5961119
1.5693129
1.517478
1.571733
1.5710188
1.57833
1.6275314
1.6438743
1.6054287
1.6260326
1.543688
1.5959364
1.4982826
1.639635
1.6428344
1.5735953
1.4887898
1.5080061
1.6611782
1.5049884
1.537028
1.5855649
1.5589259
1.515076
1.604651
1.5656898
1.5527776
1.5024049
1.5169822
1.6179878
1.507072
1.5550545
1.542526
1.589423
1.5460205
1.648099
1.5460236
1.6232457
1.5759284
1.5894098
1.5391669
1.6286052
1.5182347
1.5389564
1.5995463
1.6230556
1.5716829
1.6078753
1.4801446
1.6114739
1.5641346
1.5513597
1.5213293
1.5035549
1.7024927
1.489628
1.5591019
1.5527519
1.5938814
1.5717925
1.4853663
1.597832
1.5180148
1.5692412
1.5242797
1.5002688
1.524044
1.5368965
1.6325774
1.5536768
1.5315506
1.6060493
1.5689754
1.5258293
1.5455555
1.5655267
1.670607
1.603159
1.4909298
1.5458342
1.604473
1.6261089
1.6163805
1.5585815
1.6144279
1.5701311
1.6349193
1.5518155
1.6515181
1.5034437
1.6543223
1.555302
1.5940013
1.615575
1.5424888
1.5259956
1.5565146
1.4962032
1.6321096
1.4819065
1.5385176
1.5359951
1.5616195
1.5403161
1.5475793
1.5775908
1.5856874
1.5267978
1.587398
1.5699195
1.5606003
1.5437899
1.6397861
1.5087376
1.5777253
1.5441334
1.6539273
1.6007063
1.636279
1.5830789
1.4913394
1.5069623
1.5976936
1.5991373
1.5701733
1.5793265
1.626211
1.5693946
1.5399975
1.5723547
1.5109284
1.5827721
1.4814037
1.618688
1.5091069
1.5703121
1.6660428
1.6148282
1.6151646
1.53153
1.5358179
1.5656047
1.633002
1.5361423
1.5333898
1.6081278
1.5520982
1.61451
1.5395122
1.5844859
1.5979625
1.5140268
1.5834086
1.5608876
1.549014
1.5074235
1.5159092
1.5888909
1.5436887
1.5444973
1.5548575
1.5529773
1.6264068
1.5748436
1.5483806
1.6281966
1.5594678
1.4647412
1.6099249
1.4699079
1.4828333
1.6098474
1.5129037
1.5724416
1.530735
1.5910875
1.5235627
1.5467623
1.5755306
1.5952723
1.5145231
1.6328996
1.6418227
1.5341237
1.5116649
1.5512502
1.4979467
1.6320602
1.3931328
1.5466448
1.55894
1.4981519
1.5281198
1.6255687
1.5651937
1.6301901
1.4955783
1.5945611
1.4930115
1.5359907
1.4564929
1.6776524
1.4451797
1.58834
1.5820591
1.5817947
1.5365633
1.444513
1.465799
1.6344438
1.4843396
1.5514824
1.5614027
1.5230675
1.551237
1.5111161
1.600475
1.5173786
1.5119216
1.565602
1.5841193
1.5857296
1.497514
1.6636593
1.4474989
1.5940783
1.4764049
1.5321748
1.5871286
1.4798074
1.4923942
1.5041171
1.496783
1.5633659
1.4860485
1.6913307
1.6042008
1.5581046
1.6464603
1.5653669
1.6112565
1.5407563
1.5761089
1.5883088
1.5183076
1.6219819
1.5769465
1.4969829
1.57744
1.529164
1.5920398
1.5432897
1.5234803
1.5009787
1.553135
1.5929235
1.590542
1.5800225
1.5428803
1.5826867
1.5054896
1.6074088
1.5371172
1.4800414
1.4857764
1.5436138
1.5229931
1.5390394
1.6442432
1.5823672
1.5329562
1.6016831
1.4813478
1.4635491
1.5488784
1.5505624
1.5614202
1.590075
1.5269879
1.5650768
1.6163725
1.5379426
1.6386192
1.6306224
1.4976575
1.5020099
1.5139456
1.6574144
1.5484649
1.502444
1.4373459
1.5296434
1.6259593
1.4850979
1.5597444
1.5631244
1.5889704
1.5528595
1.5091219
1.5435525
1.5663108
1.5562152
1.6260388
1.5542523
1.4867587
1.624506
1.4328089
1.5979233
1.4661611
1.6262838
1.5155455
1.5749462
1.5919588
1.6219528
1.5357659
1.5608652
1.5026672
1.6800674
1.5779138
1.6169689
1.4341865
1.5158132
1.5222939
1.515476
1.6032742
1.5527768
1.5324215
1.584122
1.4857945
1.4762192
1.5566739
1.5696785
1.5155298
1.6147541
1.6436173
1.5428188
1.6257567
1.5075008
1.6048157
1.557422
1.5201268
1.5171149
1.5943145
1.5026093
1.6159081
1.5050726
1.5815504
1.6030653
1.5429385
1.5474334
1.6009388
1.5342195
1.5333204
1.5208669
1.4983951
1.6169865
1.6071436
1.5402966
1.5777427
1.4984455
1.4790174
1.5337234
1.5610085
1.5861653
1.5722038
1.5220417
1.5521206
1.5426061
1.6535213
1.5340222
1.5334618
1.5290816
1.5747166
1.4973798
1.5608467
1.4118922
1.504539
1.5398778
1.4533149
1.5680118
1.5087543
1.5243783
1.5303235
1.5859357
1.5498073
1.6525235
1.567913
1.5052062
1.6116899
1.4096102
1.5427722
1.5170605
1.4221573
1.5783542
1.5977991
1.540165
1.542078
1.5729113
1.5776486
1.5304728
1.5487614
1.5444372
1.6549418
1.58627
1.5509635
1.6075153
1.5305597
1.6002364
1.5872321
1.5314226
1.505798
1.5992768
1.4558127
1.4878285
1.5549325
1.6687177
1.5158377
1.4906622
1.5471731
1.5931646
1.5251267
1.5920174
1.474641
1.5663255
1.583815
1.5761615
1.5573725
1.5208359
1.5745006
1.5840914
1.5110725
1.5825222
1.5535722
1.5539111
1.6618083
1.5422331
1.5804217
1.5469986
1.4548286
1.528035
1.4903913
1.5659441
1.5215528
1.709079
1.6405975
1.5481203
1.517142
1.5791385
1.5944521
1.5768595
1.5000322
1.5938883
1.5887692
1.5134177
1.570898
1.5652525
1.5618783
1.536876
1.6059477
1.5747664
1.5833132
1.5775365
1.6120925
1.5102144
1.5734465
1.6038914
1.5704584
1.5671444
1.5424181
1.4595062
1.5544635
1.6033003
1.4292359
1.4888397
1.4650251
1.5898907
1.6386496
1.5973791
1.5024812
1.5378907
1.4940214
1.4733244
1.5195413
1.5652212
1.4878105
1.5085092
1.5173621
1.6330441
1.5714209
1.5901394
1.5033132
1.5825833
1.4632207
1.5639645
1.5410912
1.4933906
1.5484059
1.4266984
1.5920558
1.5080099
1.5172659
1.6097401
1.5265875
1.5832396
1.529614
1.5856905
1.5760295
1.5222117
1.5846597
1.4990665
1.54383
1.5573252
1.5108547
1.6326435
1.5970998
1.4958559
1.5422508
1.6097347
1.54541
1.5604022
1.5057172
1.5836518
1.4556682
1.4870298
1.6027305
1.5614301
1.4554976
1.4675372
1.5601909
1.6061693
1.5333214
1.5368297
1.4645727
1.5422616
1.5644474
1.5088973
1.544198
1.6049736
1.5362574
1.4654131
1.5909008
1.5993474
1.5977063
1.5133837
1.571098
1.5497383
1.5212629
1.478298
1.6039304
1.533864
1.5509351
1.5034558
1.5614674
1.5103855
1.5605333
1.5941851
1.541659
1.590658
1.5786258
1.473174
1.5846424
1.5148562
1.5354043
1.5785384
1.4966877
1.5336844
1.6442429
1.5323274
1.6036385
1.5579623
1.5299746
1.5594391
1.5563325
1.4641641
1.4964266
1.5228913
1.6547236
1.6132668
1.5201747
1.5356264
1.535578
1.5058314
1.57849
1.5533932
1.4799497
1.5830837
1.480444
1.5818086
1.5943061
1.582948
1.572381
1.6074462
1.4920192
1.497956
1.6621361
1.5039613
1.6487269
1.5502398
1.5105168
1.6175122
1.4946525
1.4987721
1.5227582
1.4885691
1.4665967
1.5724478
1.628972
1.5582845
1.5515223
1.6129286
1.6565747
1.6001717
1.5013523
1.4715552
1.5279243
1.5397773
1.628839
1.6261683
1.5466366
1.507743
1.4215922
1.4737161
1.3973597
1.5774341
1.6091747
1.4663234
1.6851689
1.5570114
1.4729745
1.5802877
1.5134631
1.6018131
1.5683304
1.5522115
1.4858185
1.517741
1.5693681
1.5638459
1.5245085
1.5535576
1.5679169
1.5234206
1.5089502
1.5635881
1.5085168
1.5385062
1.56932
1.5183662
1.516727
1.5403659
1.5798967
1.4757702
1.615294
1.5980326
1.5244285
1.5733681
1.5257673
1.6751106
1.5456014
1.3836952
1.4995966
1.617265
1.5246366
1.7495278
1.5726392
1.430774
1.5375266
1.5612516
1.5837721
1.4982839
1.484283
1.5457771
1.583667
1.6119497
1.5157137
1.4919477
1.5993611
1.5051713
1.5965894
1.4732062
1.5734782
1.6064095
1.5203147
1.5558898
1.5032992
1.5270994
1.6364619
1.5185819
1.5998583
1.5698551
1.4872167
1.4257575
1.521363
1.4961197
1.6071757
1.51501
1.5277005
1.580845
1.5291768
1.5517179
1.57993
1.5889324
1.4781108
1.5401467
1.616833
1.4934062
1.602556
1.5296081
1.507375
1.5591323
1.4491827
1.5112433
1.5503343
1.560101
1.4669361
1.5270528
1.5886023
1.5298268
1.5383995
1.5542413
1.5973387
1.4826646
1.5127335
1.554276
1.5110683
1.5840478
1.5371208
1.6128658
1.5561628
1.5019567
1.553717
1.6062131
1.6153426
1.5512174
1.5289977
1.5964398
1.5844458
1.5960505
1.6277132
1.5503621
1.61974
1.5074565
1.5362326
1.5371121
1.5812705
1.5179434
1.5020028
1.5772481
1.5071328
1.5048258
1.5738373
1.4802253
1.4985847
1.5345724
1.514508
1.5692959
1.6062616
1.5498209
1.5221472
1.5725834
1.4182465
1.6147014
1.7162027
1.5270637
1.5596187
1.5363424
1.521193
1.5553812
1.6149657
1.5719014
1.471963
1.6061372
1.5789123
1.5650005
1.464995
1.6045184
1.6012082
1.5345782
1.5831823
1.469525
1.492996
1.5625663
1.5195831
1.5718937
1.5793111
1.6163603
1.5906974
1.563929
1.4722632
1.5945914
1.5732174
1.5844221
1.5211012
1.6098223
1.6139984
1.5994163
1.5550635
1.5513813
1.4645269
1.5053458
1.5175589
1.4724873
1.6081074
1.5556452
1.5759717
1.493092
1.4470392
1.5647625
1.5623436
1.5310162
1.4501067
1.5396351
1.4739225
1.6110156
1.5734785
1.5524335
1.4800386
1.536489
1.459251
1.5713469
1.4828227
1.5319738
1.5362619
1.4560132
1.6032041
1.492398
1.5505557
1.572624
1.513947
1.5735903
1.49262
1.6267885
1.4865611
1.6124173
1.4851806
1.4899162
1.6089003
1.5360682
1.4688492
1.5644681
1.6216658
1.500994
1.5739983
1.5249251
1.4877547
1.5647211
1.5428106
1.6406655
1.5372908
1.5547434
1.5661951
1.4854774
1.5522604
1.5721204
1.4723494
1.5092219
1.5654597
1.6305422
1.5444673
1.5692075
1.4539208
1.6158519
1.4895072
1.5562202
1.5938201
1.5696015
1.5840352
1.6087865
1.5418304
1.5043157
1.5307748
1.5759093
1.5256524
1.6259902
1.5225818
1.6140816
1.4921876
1.5875927
1.5810117
1.5734148
1.5216815
1.6104255
1.577683
1.597197
1.4278103
1.6363064
1.5325661
1.4980268
1.5109851
1.5643373
1.6011162
1.5846877
1.5929617
1.5732052
1.6075447
1.6554685
1.4809908
1.5454029
1.4979722
1.6470467
1.5671812
1.4680185
1.6582103
1.6101805
1.5313938
1.5109949
1.4996147
1.5348557
1.5603797
1.506851
1.6557946
1.502431
1.4581723
1.4394331
1.5086551
1.5970467
1.5053245
1.4884801
1.5721152
1.6237668
1.4844778
1.6180997
1.566164
1.6748235
1.5140793
1.5116127
1.5250036
1.4889656
1.5661519
1.5359759
1.5756454
1.5758734
1.4218514
1.6641188
1.5450766
1.4420443
1.4839576
1.5028408
1.4413171
1.5290256
1.5825489
1.5417649
1.5740587
1.492207
1.5645387
1.5937787
1.5319993
1.5093223
1.5971823
1.4706601
1.5789608
1.5475229
1.5715938
1.6202036
1.4811996
1.6474023
1.499251
1.6182725
1.6387125
1.6009263
1.5458227
1.5014848
1.6353652
1.4636822
1.5493318
1.4955798
1.5155792
1.5527554
1.5588335
1.5645553
1.5438691
1.5751046
1.568017
1.5088251
1.5104072
1.468548
1.5112534
1.5496212
1.5036132
1.5373051
1.5202973
1.455172
1.4685879
1.5267781
1.6309793
1.5945045
1.5774225
1.5365007
1.468093
1.570468
1.472477
1.4018841
1.586057
1.5778503
1.5007379
1.4630331
1.6583071
1.471792
1.6071752
1.5256363
1.5884202
1.6072358
1.5437119
1.5343052
1.5136147
1.4979552
1.6062462
1.5359532
1.4923223
1.5384269
1.4159064
1.6010816
1.4251823
1.6022948
1.5830714
1.6715995
1.5469172
1.4706777
1.5555317
1.464026
1.5840822
1.5910003
1.6670313
1.5632339
1.5375191
1.4574984
1.5720243
1.5073005
1.5376848
1.5913026
1.5743749
1.578382
1.557723
1.5351034
1.5138046
1.5625713
1.521474
1.5422236
1.420703
1.5311687
1.6903111
1.5247674
1.5874562
1.5974691
1.5012555
1.5583719
1.5587581
1.5105863
1.576803
1.4704278
1.510957
1.5208712
1.5185994
1.5785136
1.486317
1.6261503
1.6030774
1.5977497
1.4706575
1.5289929
1.5969956
1.4159908
1.5017446
1.5010725
1.5864047
1.4617486
1.5328503
1.5513511
1.5869869
1.5835508
1.6258225
1.4871641
1.4910815
1.47938
1.531992
1.5838308
1.5697677
1.5183637
1.5589821
1.5434049
1.626648
1.55568
1.5340364
1.6042202
1.549964
1.4959027
1.5179691
1.5417919
1.4992009
1.5723863
1.4899199
1.6407591
1.5778023
1.6192075
1.5414841
1.5373874
1.4970237
1.6223892
1.5188774
1.4526155
1.4762163
1.4464023
1.6510856
1.5214702
1.6027358
1.5204561
1.6130842
1.5604856
1.505336
1.615938
1.5541699
1.5433993
1.5881854
1.4770645
1.6074326
1.4538113
1.5219104
1.5221567
1.5859511
1.5210931
1.5910118
1.5804207
1.557051
1.5019168
1.5070789
1.6486678
1.5460832
1.4932827
1.5788378
1.4116199
1.638449
1.5466154
1.4498812
1.5503137
1.6020948
1.4686872
1.559721
1.5206692
1.5379828
1.5489426
1.5916524
1.4119117
1.5207186
1.6323599
1.5726134
1.4998252
1.55513
1.4909004
1.5699801
1.5094795
1.559442
1.577335
1.501559
1.6038915
1.5610983
1.5811908
1.5558101
1.4948343
1.561596
1.5672728
1.5793471
1.5110526
1.5116994
1.5666647
1.5293825
1.4766054
1.5122081
1.5501015
1.5497088
1.5694281
1.464612
1.623817
1.5324244
1.4927692
1.5106407
1.5563602
1.4998548
1.4871091
1.597779
1.4846073
1.5471227
1.5492116
1.481181
1.4790637
1.5614204
1.5634782
1.5789207
1.549114
1.5462003
1.5656518
1.5965188
1.5150311
1.4942913
1.5093837
1.5928562
1.4394232
1.362873
1.5077591
1.5342529
1.5844846
1.5214881
1.4293146
1.4978591
1.5021642
1.4660685
1.5167382
1.6114206
1.5340333
1.5786142
1.5135897
1.4712442
1.5252727
1.6448821
1.5449681
1.4773539
1.5080737
1.4817901
1.5176151
1.5763047
1.5369937
1.5469719
1.5282196
1.5161823
1.5180176
1.5891659
1.6396339
1.4897557
1.5647502
1.6167998
1.5568783
1.5453043
1.5669806
1.5826205
1.6606011
1.5611055
1.5729457
1.4877086
1.4914997
1.4510937
1.5511988
1.5054462
1.5649066
1.521025
1.699076
1.6726918
1.5811907
1.5744767
1.4345769
1.5115108
1.5262468
1.5304399
1.4980623
1.533408
1.5013009
1.5753793
1.5034785
1.5242469
1.5939149
1.4509279
1.5352826
1.576527
1.4239681
1.4998811
1.5079505
1.5047699
1.4671605
1.4939044
1.5649271
1.5380851
1.5520877
1.6393073
1.5220819
1.5061789
1.6091915
1.5690274
1.3797779
1.5082057
1.464636
1.4779242
1.5047361
1.5567406
1.5489285
1.4492043
1.5406723
1.4986347
1.4617164
1.5552014
1.4351528
1.5769745
1.6080328
1.5052482
1.447719
1.4885503
1.5371773
1.474154
1.5548549
1.5943753
1.5143685
1.4080949
1.4962437
1.423556
1.4243268
1.55296
1.6522126
1.6115328
1.592681
1.4730657
1.607477
1.5090889
1.5203657
1.5594859
1.4360242
1.5154151
1.5771852
1.5055408
1.516589
1.7016194
1.6025255
1.4610603
1.5931498
1.4740478
1.4752926
1.5484645
1.4457209
1.514275
1.4580245
1.5088254
1.4079587
1.5821445
1.5425999
1.4760816
1.5311884
1.525198
1.4901361
1.5073715
1.5368428
1.4757485
1.481843
1.5204213
1.574845
1.5674205
1.4254981
1.5031488
1.5373144
1.4428099
1.5886664
1.509408
1.5689052
1.4687009
1.5342815
1.5171647
1.5241593
1.4873155
1.4705632
1.5670414
1.500404
1.5872946
1.5119557
1.5873889
1.4997966
1.5190058
1.5483413
1.6708124
1.5965995
1.5657464
1.5421858
1.532741
1.5896201
1.4696268
1.4562604
1.5498729
1.3795619
1.559734
1.5374895
1.5783967
1.5959764
1.5543087
1.547346
1.6762602
1.5427651
1.6021186
1.6091477
1.5757438
1.5729274
1.4947075
1.524928
1.5048479
1.525053
1.5979948
1.4651358
1.4985117
1.5367979
1.5909219
1.6384333
1.5310755
1.5697991
1.5396557
1.5137851
1.5855734
1.5924895
1.5860351
1.4223962
1.6004105
1.4376998
1.4350785
1.5587147
1.5394764
1.5043635
1.555518
1.5252736
1.4840069
1.4889957
1.6264819
1.5685432
1.6393654
1.4371938
1.5049579
1.3936139
1.4451536
1.5134008
1.5074434
1.4662037
1.5264771
1.5618627
1.5684916
1.4783769
1.4864614
1.5734025
1.5438514
1.4823635
1.5449358
1.5587323
1.5126078
1.6212305
1.6532297
1.5028956
1.5530337
1.6187949
1.5991131
1.4951279
1.5805972
1.5795125
1.4454947
1.5879269
1.5909388
1.5431356
1.6342971
1.5259137
1.4978945
1.4722161
1.5331638
1.5273155
1.500366
1.564721
1.5490184
1.4945074
1.5490465
1.4013937
1.5805757
1.4067438
1.5095304
1.4734665
1.5061047
1.5544536
1.4291009
1.5738393
1.4274976
1.4877372
1.573532
1.4825467
1.4424876
1.5341473
1.4565815
1.6691011
1.5640249
1.5183682
1.515085
1.5449948
1.4629191
1.5314322
1.432461
1.505729
1.5251415
1.5977665
1.5059465
1.5555087
1.5019069
1.5668297
1.5885617
1.507696
1.5141004
1.4643432
1.507609
1.5083182
1.5341287
1.4748642
1.5219914
1.566479
1.4956174
1.596566
1.4827325
1.4230055
1.5768359
1.5953608
1.5487584
1.5500363
1.5126143
1.6053773
1.5099517
1.5463089
1.4820058
1.5491747
1.510978
1.5135291
1.4606193
1.5379922
1.5737629
1.45873
1.6013865
1.6446815
1.6571202
1.3824484
1.5027635
1.516477
1.5104069
1.4102663
1.4687005
1.5055289
1.537977
1.5492042
1.5663656
1.5319806
1.6283345
1.5584812
1.642809
1.6216624
1.5705643
1.4737923
1.4782476
1.4455515
1.5069603
1.5528748
1.5878994
1.5457706
1.4903009
1.55547
1.556911
1.5556455
1.536982
1.5431542
1.5262
1.543922
1.5755721
1.6229422
1.6025025
1.4925308
1.4149522
1.5571375
1.5626285
1.517588
1.4942311
1.5689468
1.5793467
1.5081824
1.5587945
1.5144055
1.4650717
1.5221518
1.5872612
1.5723846
1.5686687
1.5043563
1.535217
1.5973897
1.4178327
1.4998614
1.5090052
1.5536661
1.4612827
1.5722576
1.5346514
1.4744871
1.5723548
1.5535078
1.5851762
1.5382487
1.5336577
1.5807801
1.7324545
1.6029774
1.7138219
1.4616374
1.5109549
1.5676016
1.499815
1.4423951
1.4978305
1.416138
1.6590507
1.4781536
1.5030022
1.3946571
1.4402528
1.5163145
1.5394039
1.5950612
1.5732648
1.5071884
1.5761275
1.6155177
1.552681
1.4867946
1.446836
1.4477377
1.5134335
1.4256632
1.5874645
1.5229921
1.5847296
1.5186081
1.4705262
1.5821512
1.4924705
1.4022322
1.564388
1.4893479
1.5160146
1.5173509
1.646407
1.5585316
1.5590081
1.5217229
1.5500276
1.5270941
1.6022768
1.5191286
1.5797344
1.5225725
1.4600172
1.5204011
1.5129045
1.4058723
1.572247
1.5620703
1.4626677
1.4743482
1.688288
1.524888
1.5138932
1.4650352
1.525441
1.4553356
1.4900454
1.4668185
1.4483023
1.4754591
1.5172789
1.491297
1.5582126
1.4701781
1.4882321
1.5634091
1.4630382
1.4633507
1.5947235
1.5506744
1.435298
1.3849338
1.5050483
1.494722
1.510957
1.6493452
1.4713786
1.5496924
1.5678647
1.4769603
1.5976291
1.4855529
1.4719392
1.5390528
1.4904213
1.5160804
1.4426711
1.4260128
1.4658334
1.3975073
1.4193399
1.4819978
1.3863418
1.4981787
1.5247341
1.569777
1.6369206
1.5290724
1.5265985
1.5523953
1.4880635
1.5057359
1.5240157
1.5781548
1.5522933
1.5601311
1.3385808
1.5505843
1.5284771
1.4664383
1.5345678
1.5098225
1.5850279
1.4572121
1.4932499
1.4704839
1.5551018
1.4438701
1.5147105
1.5658901
1.4727858
1.553145
1.4337606
1.5170772
1.4122753
1.4780836
1.5890312
1.5041138
1.6063385
1.4432967
1.5271611
1.460415
1.4884129
1.5291433
1.3652782
1.4641805
1.4698983
1.4399273
1.5186324
1.4228661
1.6085294
1.4603516
1.4942584
1.4585209
1.5801892
1.4619757
1.5586643
1.5128257
1.5041394
1.5366491
1.5637705
1.5584579
1.5022753
1.4668014
1.4613944
1.5671699
1.4435657
1.6035032
1.5959918
1.5364691
1.4913752
1.6673244
1.4855784
1.4795254
1.6106318
1.5603163
1.6367679
1.62822
1.5642017
1.6069701
1.5689049
1.5379653
1.5723288
1.5358406
1.543582
1.5366818
1.5874629
1.4925522
1.6727059
1.5388182
1.5661163
1.5187552
1.5446342
1.5759134
1.5065211
1.4978312
1.5832908
1.5860507
1.5975317
1.5072374
1.4684474
1.5790424
1.6364341
1.4944917
1.50133
1.5049794
1.6163892
1.4774222
1.6015309
1.4220637
1.5280895
1.5494361
1.6051731
1.4933342
1.5197369
1.5649335
1.5095646
1.601796
1.5436838
1.6224529
1.5170099
1.5300481
1.4452566
1.5626639
1.5488036
1.5303478
1.5572662
1.4066716
1.492235
1.5718977
1.4983809
1.5565392
1.5068983
1.5645206
1.5571244
1.5686024
1.5266418
1.5316124
1.4273981
1.6571816
1.5577393
1.4034841
1.5241755
1.479834
1.5113616
1.4959726
1.4970526
1.4980259
1.5227796
1.5070364
1.4948777
1.5241613
1.5335063
1.5553325
1.440332
1.5770566
1.504432
1.3948424
1.4631146
1.5124972
1.5611624
1.5517839
1.5284019
1.4736508
1.5133662
1.6462424
1.5141505
1.5478858
1.4632651
1.4101636
1.5001465
1.5370581
1.5734487
1.5542221
1.5113556
1.4882841
1.4931813
1.501108
1.4235415
1.533124
1.4922814
1.510365
1.5340893
1.538576
1.6009396
1.4604042
1.4968908
1.4946911
1.4301891
1.4720598
1.465719
1.5729104
1.4622482
1.5567378
1.4719598
1.4246727
1.5880713
1.530051
1.5352422
1.5272485
1.5365819
1.4780381
1.5783968
1.5936989
1.533804
1.5131975
1.4536335
1.569149
1.4851253
1.5617499
1.630481
1.5541667
1.5301554
1.5663716
1.5686172
1.5672506
1.4866872
1.5919676
1.4716653
1.5953691
1.5329416
1.5129523
1.4816737
1.4990554
1.6043918
1.4663103
1.440866
1.503105
1.5111146
1.4300528
1.4897387
1.4504002
1.4373788
1.6211727
1.4548881
1.5369084
1.5656962
1.5740657
1.5468342
1.5145037
1.5856956
1.5654314
1.5530113
1.5821445
1.6071134
1.5547076
1.5182738
1.5847603
1.5251169
1.5110326
1.5259097
1.5363705
1.5424994
1.5754647
1.6199287
1.5262474
1.4696789
1.4405077
1.5124956
1.4964973
1.5323595
1.4814566
1.5484316
1.5584348
1.647117
1.5904557
1.4438488
1.4621245
1.4612277
1.5202699
1.5089655
1.5509454
1.6205881
1.5344431
1.4581085
1.5611045
1.6994692
1.5648378
1.5909255
1.4935226
1.5589919
1.525191
1.4781646
1.4969357
1.5026761
1.5900056
1.5619967
1.6295545
1.5208735
1.5213718
1.5005567
1.6125817
1.4551922
1.495146
1.5739812
1.4130747
1.4531834
1.3881305
1.575691
1.4803739
1.5182751
1.3718971
1.5338995
1.4577463
1.5848958
1.6252496
1.5366527
1.5526426
1.5570863
1.525356
1.338882
1.6361692
1.457501
1.5008194
1.5452076
1.5051775
1.4961561
1.4555372
1.4581195
1.4235353
1.4632578
1.5644605
1.4962734
1.5029
1.4584382
1.6257834
1.5112481
1.5675464
1.4976842
1.4920793
1.5445832
1.5207214
1.4986087
1.5456471
1.4961948
1.5441471
1.5695697
1.5011963
1.4012892
1.5094131
1.5617166
1.483367
1.466534
1.6118064
1.5403348
1.460576
1.5356041
1.5172387
1.4968579
1.5273703
1.5286641
1.5384126
1.462211
1.5252492
1.4309232
1.5740218
1.4862987
1.4263285
1.6050737
1.4458842
1.5185883
1.561665
1.4476277
1.5387509
1.3940582
1.5536828
1.499949
1.5007086
1.5632383
1.5936942
1.4376761
1.5239471
1.5070654
1.5912163
1.5550326
1.5359768
1.5351782
1.4915838
1.488652
1.5568497
1.4454472
1.6179235
1.4955969
1.5535011
1.4141483
1.4866537
1.4072778
1.5310735
1.5821444
1.5934429
1.4874592
1.5454726
1.514472
1.5222784
1.5598704
1.4811814
1.5252556
1.4828218
1.5519735
1.5207142
1.5633075
1.5003815
1.5330431
1.5785619
1.6546625
1.4687529
1.5857213
1.5774145
1.4791752
1.5425653
1.4733095
1.5825005
1.5485283
1.6706718
1.5509708
1.5090826
1.5037591
1.5007739
1.549004
1.5520349
1.5647273
1.5273515
1.5852671
1.4829768
1.6081631
1.5582501
1.5508801
1.4278598
1.4610541
1.4721459
1.5495042
1.4698851
1.5641053
1.4207163
1.5974007
1.5536723
1.491429
1.5293405
1.5251515
1.5318428
1.5157397
1.4604826
1.4114504
1.4737501
1.5586526
1.5191216
1.5371994
1.5464208
1.450882
1.5841918
1.5151485
1.4165536
1.4864165
1.5181651
1.52411
1.4712722
1.6442295
1.5146936
1.5470064
1.5681124
1.5488093
1.5450319
1.5799825
1.4139259
1.5499729
1.5151963
1.4662163
1.4673891
1.5338584
1.4983679
1.483033
1.449276
1.5168883
1.4597398
1.4668316
1.5708936
1.5005767
1.5004144
1.4335316
1.4458854
1.5282011
1.5119693
1.4179465
1.5623691
1.5884764
1.4456233
1.5433577
1.5029309
1.443368
1.5103718
1.5051527
1.4492364
1.4749188
1.5795585
1.4333482
1.5264583
1.4689596
1.5063115
1.4741187
1.4886692
1.5188581
1.5007071
1.4806615
1.6399065
1.467508
1.5726892
1.5790136
1.4973625
1.5258539
1.4533122
1.4882617
1.4656036
1.4815536
1.5420036
1.4971225
1.5270698
1.5504647
1.4602005
1.6095023
1.4497983
1.5402815
1.4814559
1.5247493
1.5179746
1.4945862
1.6181446
1.4741101
1.5664207
1.4977087
1.5681115
1.576051
1.6630018
1.6090503
1.6092677
1.4335299
1.5083468
1.4232197
1.544632
1.4938684
1.4238138
1.6103028
1.6036582
1.5611619
1.4946594
1.4924445
1.5852718
1.6403642
1.5345939
1.5189946
1.4774762
1.4237791
1.5464675
1.4410818
1.5843292
1.5390413
1.5913743
1.4506574
1.536662
1.6045367
1.6565533
1.5815947
1.4210918
1.4512849
1.5336218
1.4994202
1.5139151
1.4803007
1.3956491
1.603982
1.4581002
1.4496574
1.4557644
1.4721282
1.6185807
1.4901644
1.5239156
1.4642401
1.5305674
1.5615681
1.4798039
1.469748
1.4698012
1.400183
1.4559417
1.568012
1.4101579
1.5606754
1.5415614
1.4338202
1.4969065
1.4995401
1.6419842
1.5164473
1.504222
1.5236899
1.4640229
1.6034493
1.4857949
1.3550208
1.4156287
1.5155364
1.5913143
1.4750016
1.5765707
1.5126817
1.5096152
1.5029843
1.5516009
1.5401835
1.5280788
1.425467
1.5462639
1.535641
1.553421
1.5144784
1.5306767
1.4789021
1.4826801
1.4545729
1.5173597
1.5069318
1.4711041
1.525567
1.5613084
1.5870734
1.5041049
1.4951001
1.4900453
1.4888133
1.50571
1.4704165
1.6420546
1.5220524
1.6084961
1.5430664
1.5010748
1.4460304
1.542222
1.4495459
1.3929963
1.5357972
1.649548
1.4483479
1.4649734
1.5139261
1.5549024
1.4009604
1.4692923
1.471415
1.5842924
1.4521748
1.2834232
1.4659175
1.4967527
1.6319002
1.4794409
1.5606
1.5136352
1.5426018
1.3907185
1.4334486
1.4026215
1.5100527
1.4399023
1.4919693
1.5140684
1.4216164
1.4348001
1.4856099
1.5146716
1.5789695
1.5115972
1.452059
1.5800405
1.5206957
1.5086432
1.486616
1.4674318
1.4926742
1.5996587
1.5657858
1.5895003
1.4527754
1.6873716
1.5598469
1.5195649
1.5288161
1.4214826
1.5102361
1.6033134
1.5335081
1.5058498
1.4632118
1.4823778
1.4805883
1.5192779
1.4691577
1.518097
1.5458773
1.520234
1.4643024
1.5650376
1.4696181
1.5494608
1.6195773
1.4340007
1.4695796
1.4983149
1.5483952
1.545271
1.4778514
1.6809759
1.4344174
1.5498345
1.5901939
1.3645518
1.4591887
1.5593524
1.3986428
1.5440447
1.6116815
1.4905152
1.5542014
1.4863192
1.4918008
1.513797
1.4064354
1.4235001
1.5586405
1.546213
1.539467
1.4745847
1.4856448
1.5414562
1.5138223
1.5474395
1.3433166
1.4861598
1.4644964
1.4799676
1.4247926
1.5795848
1.5634283
1.5151087
1.6771761
1.4901241
1.4731522
1.4846919
1.5757737
1.454308
1.3888133
1.3838823
1.4866856
1.4202442
1.5509288
1.4937766
1.4978486
1.5420282
1.4534396
1.52455
1.4885255
1.5528305
1.5618662
1.5579058
1.3889064
1.4472145
1.4332669
1.5406563
1.5091736
1.4569573
1.4609418
1.5217049
1.4549756
1.4813261
1.3539009
1.4675462
1.4990835
1.4939407
1.4601095
1.3602928
1.428915
1.4612092
1.5647571
1.4047468
1.6057497
1.6369536
1.5562199
1.5690215
1.5726454
1.6223766
1.511925
1.5380967
1.4788179
1.4921719
1.5556185
1.5907682
1.3956631
1.5654666
1.495015
1.5567232
1.4551538
1.4270952
1.4968319
1.4970608
1.5777593
1.4295084
1.5121042
1.4973465
1.5314748
1.4216331
1.5300457
1.491829
1.5988739
1.4611518
1.447077
1.4417877
1.5165448
1.4933308
1.4336438
1.526645
1.4454606
1.5482032
1.4206154
1.5117651
1.4466686
1.5080454
1.4600742
1.4035445
1.5673681
1.391848
1.5251944
1.531278
1.5420291
1.368397
1.4729939
1.4871998
1.577627
1.4761758
1.4879671
1.4875002
1.4905475
1.4624368
1.5438588
1.4184653
1.5552968
1.4599134
1.5776532
1.4871843
1.4399061
1.3936547
1.4773228
1.5373816
1.5226146
1.4646889
1.5009489
1.6295109
1.562345
1.6047603
1.4535058
1.4233104
1.4840829
1.494789
1.57112
1.6448039
1.480256
1.552557
1.5665708
1.329143
1.6345402
1.4865072
1.396167
1.6278101
1.4242847
1.5126033
1.5033325
1.6060979
1.4049655
1.5112579
1.4717189
1.4935899
1.4492067
1.5284972
1.5443027
1.454982
1.5446173
1.3515246
1.4172412
1.5748366
1.6026076
1.5219582
1.453326
1.4914632
1.499409
1.6108568
1.4907866
1.5227041
1.4612348
1.5350678
1.453049
1.4359686
1.5099224
1.5377532
1.3452888
1.5454136
1.5430963
1.4136599
1.5111508
1.5102365
1.4169757
1.5430641
1.5101832
1.481417
1.5635335
1.5341618
1.4509753
1.3953968
1.5325257
1.5508552
1.5439501
1.4678178
1.5269253
1.529244
1.5301828
1.4041104
1.3770423
1.5395514
1.5460653
1.3326246
1.3873359
1.5490611
1.5071076
1.5614681
1.5298667
1.3539995
1.4086835
1.5497419
1.4981308
1.4312896
1.5678029
1.4307469
1.4913354
1.5653518
1.578601
1.6067654
1.3846893
1.4173303
1.512986
1.5358543
1.4876337
1.4920062
1.4098837
1.2785823
1.492252
1.4572642
1.6548872
1.4910136
1.5386713
1.476771
1.4234567
1.425901
1.4982752
1.377134
1.5438637
1.5059574
1.4141641
1.627371
1.4958558
1.6427294
1.4322878
1.5736585
1.48983
1.533469
1.5652274
1.4917536
1.4685754
1.4808506
1.389983
1.3773203
1.6478982
1.556651
1.4875923
1.638457
1.4532917
1.4781024
1.4335942
1.536026
1.4352715
1.5591509
1.5481201
1.5826079
1.4882267
1.4239734
1.542694
1.3708483
1.5124464
1.528258
1.5888598
1.5860425
1.493232
1.4929837
1.4076124
1.5783174
1.5681586
1.5302234
1.6066921
1.4659644
1.5042677
1.500866
1.4165267
1.5539587
1.4747374
1.5019417
1.5245632
1.3922553
1.3156606
1.4370902
1.3574363
1.4794962
1.4938343
1.4446328
1.5555508
1.4419441
1.5445671
1.5027311
1.5599432
1.6274004
1.6211189
1.467675
1.5433891
1.5024155
1.5587087
1.4888897
1.4640892
1.4675248
1.3942379
1.4325354
1.4230609
1.5879214
1.5840735
1.469759
1.5079911
1.4975628
1.5037761
1.4379709
1.4160026
1.5019828
1.5038961
1.5145887
1.528815
1.5064151
1.5008461
1.4957961
1.6149428
1.5279582
1.4141062
1.5690911
1.461471
1.5686811
1.547532
1.532677
1.4598303
1.4609503
1.4957349
1.4732854
1.5583581
1.487476
1.5331266
1.5560639
1.478121
1.4740916
1.4377992
1.4584283
1.5022289
1.3996598
1.6495166
1.5799457
1.5186636
1.478832
1.5366989
1.4051317
1.5855007
1.3153846
1.5870663
1.6107862
1.54594
1.4332817
1.5101786
1.5765727
1.5067776
1.3645422
1.5195848
1.5827034
1.5286934
1.4100268
1.4926813
1.5828781
1.4857359
1.5225408
1.4958827
1.5839565
1.4973562
1.574815
1.5337064
1.470412
1.3953986
1.4839206
1.4928279
1.4500145
1.5571723
1.4349875
1.5146835
1.666741
1.5211194
1.4391621
1.5694513
1.4118415
1.4667118
1.4727643
1.4685819
1.6109128
1.4766438
1.618286
1.522799
1.5307195
1.4330441
1.5506209
1.4188757
1.4613527
1.4350611
1.601626
1.5004501
1.534199
1.5415049
1.5893165
1.4434898
1.390884
1.5458399
1.5664588
1.5100882
1.4738643
1.4681845
1.499732
1.4407103
1.5015392
1.5270398
1.4653586
1.5109495
1.4015045
1.5338417
1.5193113
1.469677
1.5560892
1.5458143
1.487696
1.4828362
1.415272
1.3889453
1.5027869
1.3671795
1.4914324
1.5087122
1.4967905
1.4960344
1.5118458
1.5516541
1.5388839
1.4259565
1.4657294
1.573329
1.6456616
1.4717855
1.478318
1.4646612
1.5281069
1.642411
1.5407393
1.4349874
1.4621809
1.6114496
1.4467337
1.4510387
1.5548604
1.4789935
1.5466022
1.561637
1.5518113
1.5454168
1.4312861
1.4019536
1.4081709
1.4902434
1.532908
1.5644176
1.4875119
1.4787617
1.5183973
1.4658439
1.365289
1.4397879
1.5502675
1.5739706
1.5068324
1.5468113
1.5581386
1.5086926
1.4558319
1.5606993
1.5266165
1.5296593
1.4890462
1.4596376
1.3921832
1.4974726
1.512141
1.5526903
1.430479
1.561205
1.4981306
1.5082631
1.3586302
1.4812424
1.4274144
1.5966384
1.4829433
1.3955193
1.346492
1.4524798
1.44203
1.4798481
1.5075147
1.5527644
1.4333041
1.5477929
1.3762144
1.5169058
1.4488825
1.5189426
1.4338757
1.5777847
1.5205057
1.4750915
1.444495
1.5682949
1.4874281
1.555872
1.4239028
1.4591616
1.5119002
1.5268563
1.65729
1.5288291
1.5489109
1.386716
1.6156458
1.447408
1.5114124
1.4468011
1.4926391
1.6192772
1.5629655
1.6204113
1.6112947
1.4622259
1.4072955
1.4338896
1.3575839
1.6879559
1.450908
1.4852254
1.5922844
1.5094994
1.4737875
1.4381522
1.4047583
1.5418955
1.5000939
1.4635843
1.3388859
1.5709656
1.5067048
1.5075312
1.4617692
1.5491962
1.5624753
1.4269114
1.699291
1.537965
1.5924714
1.6073949
1.4924421
1.4763358
1.5398781
1.3358028
1.5616865
1.5287299
1.4943595
1.4909716
1.5834577
1.4833926
1.5267324
1.4603958
1.7064672
1.48293
1.5569979
1.4651322
1.6535805
1.5517489
1.4272131
1.4863949
1.5835259
1.4389998
1.4663061
1.3622926
1.4707532
1.3749477
1.4270219
1.5938944
1.4917364
1.5441757
1.453201
1.4971279
1.4173177
1.4733872
1.4922917
1.525121
1.5659845
1.5213653
1.5156703
1.4928393
1.4444683
1.5346241
1.4374582
1.5696094
1.4315641
1.5049683
1.456397
1.6033494
1.4991989
1.5853927
1.5816696
1.537219
1.411414
1.3746176
1.5045086
1.5733869
1.5859259
1.4615227
1.5015811
1.5555809
1.5007256
1.5380914
1.2948719
1.469558
1.5413256
1.483371
1.6059878
1.4066417
1.5340633
1.4020786
1.4381679
1.5533363
1.4064039
1.4898312
1.408878
1.5852113
1.4556087
1.5482756
1.5029356
1.5737413
1.4664555
1.2435789
1.4743352
1.5666978
1.4352257
1.4919953
1.468432
1.5066155
1.4731225
1.4854202
1.5270842
1.4176558
1.4560361
1.5372695
1.5164583
1.5162123
1.5038226
1.45075
1.5632614
1.5276668
1.4357934
1.361961
1.4840194
1.3640248
1.5209305
1.4988279
1.540484
1.6746391
1.4325492
1.5898203
1.5275804
1.40501
1.4465716
1.4665401
1.5160358
1.3763473
1.4463391
1.4576604
1.4962177
1.5738807
1.529012
1.3505
1.5912057
1.4401225
1.4389755
1.4880699
1.4789664
1.482211
1.4319781
1.6037962
1.3974011
1.5938436
1.4298794
1.5303682
1.4860561
1.4991677
1.4940861
1.5931104
1.488106
1.5394554
1.4448338
1.5840126
1.6383771
1.538461
1.5868912
1.5640492
1.6507151
1.525755
1.3997681
1.4029212
1.449821
1.5283481
1.4228382
1.4536774
1.5094376
1.5100558
1.5686767
1.5307792
1.4701202
1.4821079
1.4856277
1.5592117
1.4797221
1.5085311
1.5051069
1.4745882
1.4661014
1.4347179
1.5391245
1.5047178
1.5400387
1.5346587
1.5091892
1.5243046
1.3586831
1.6170362
1.4070857
1.521054
1.5436468
1.5728184
1.557937
1.5330312
1.4820733
1.5209885
1.4742659
1.6274927
1.5849526
1.561511
1.5040525
1.322726
1.4658937
1.4410208
1.560338
1.4062077
1.5736413
1.4308835
1.5295663
1.4124885
1.5045391
1.4498893
1.5658466
1.4804865
1.4521449
1.4563776
1.468026
1.5976809
1.4827952
1.6558044
1.4402782
1.6020865
1.3722367
1.3653355
1.5877639
1.4986665
1.4358907
1.5478001
1.5510557
1.5039477
1.4477224
1.4501324
1.5399678
1.4773257
1.3634242
1.5468441
1.4557261
1.309439
1.5601993
1.5474588
1.5928116
1.5168427
1.4866599
1.551516
1.4111836
1.4008746
1.5650253
1.5399644
1.5224228
1.4728498
1.4806615
1.4992356
1.713204
1.5147787
1.4022993
1.4858453
1.5353605
1.4871976
1.4181404
1.5145311
1.4103708
1.5277841
1.4699963
1.3527348
1.4251039
1.5794154
1.4196746
1.4102476
1.5083017
1.5240606
1.496557
1.4831676
1.4217371
1.4456439
1.4556625
1.4262218
1.3253047
1.4571949
1.4061371
1.4346013
1.4780262
1.6466649
1.4999894
1.5882416
1.4610159
1.4747399
1.4705381
1.4613438
1.4740717
1.4155807
1.438898
1.5773022
1.5176309
1.5421072
1.5374978
1.6365843
1.4214467
1.4241235
1.5303993
1.389761
1.4489725
1.6070254
1.4764953
1.4944655
1.5338262
1.4105494
1.4847808
1.4133759
1.4770193
1.4926128
1.5106316
1.5192264
1.5274242
1.5542158
1.5412171
1.4973395
1.5342066
1.6155021
1.498702
1.6491083
1.4490118
1.453048
1.672112
1.4821545
1.5038685
1.4715588
1.3742338
1.5270312
1.4416187
1.5288858
1.4771359
1.5992327
1.46521
1.6027502
1.5038556
1.4656436
1.4799562
1.5822917
1.5829558
1.5030063
1.5833216
1.5073552
1.4600194
1.5849476
1.5955579
1.4994311
1.6435163
1.6079284
1.4863753
1.5061537
1.4664733
1.4120336
1.4731545
1.3900951
1.5836425
1.5198128
1.5708839
1.4225831
1.5143995
1.4186121
1.4535072
1.5762515
1.5496264
1.4496564
1.4707024
1.3755106
1.6028783
1.3442106
1.472646
1.511083
1.5885379
1.5173529
1.4459349
1.6770154
1.4328946
1.585901
1.5174195
1.3736784
1.4042135
1.498977
1.5377871
1.3896264
1.5272306
1.5325291
1.5489784
1.4609183
1.5275096
1.5864645
1.4988637
1.589851
1.4870276
1.5787375
1.467587
1.4721414
1.4601787
1.4143506
1.5117457
1.3408883
1.3633761
1.4151449
1.5729343
1.5499425
1.4478853
1.3318644
1.3512682
1.5666304
1.4337242
1.4902989
1.4918176
1.4568083
1.4089571
1.522125
1.4485621
1.4119298
1.4893038
1.485739
1.4763918
1.5766292
1.4710674
1.6408771
1.5878885
1.5232357
1.3821889
1.4292307
1.6026946
1.3827446
1.4288867
1.5131562
1.4980128
1.4690568
1.670274
1.5277901
1.5007861
1.6116604
1.5649537
1.4336216
1.3973113
1.4947982
1.4989119
1.4818604
1.4912764
1.4850504
1.461025
1.5807884
1.4975351
1.485908
1.4190392
1.471221
1.5067037
1.5444134
1.4156216
1.6289395
1.4520692
1.422893
1.4237149
1.4241645
1.3923832
1.4322815
1.3981072
1.5878073
1.4618007
1.6375389
1.524139
1.4809113
1.4421295
1.5240732
1.5300088
1.5311289
1.407022
1.4151113
1.616962
1.5765731
1.467387
1.518527
1.5231414
1.5571222
1.5822283
1.516856
1.5559573
1.3619301
1.6385171
1.4830003
1.4664625
1.6312442
1.5514293
1.4770472
1.5322937
1.4327798
1.5503521
1.5014935
1.5119718
1.4996209
1.5246763
1.5943897
1.3553296
1.4721577
1.5609899
1.5733378
1.5379478
1.450077
1.4179986
1.4467012
1.5419718
1.466086
1.5570633
1.4414338
1.5349296
1.4031473
1.4932919
1.5002551
1.6183306
1.5401473
1.6668373
1.4120315
1.548414
1.5047218
1.5700923
1.3843908
1.5067722
1.5277694
1.4073883
1.475752
1.5196337
1.5196494
1.4587188
1.4573054
1.4897192
1.463067
1.5694404
1.500452
1.5171671
1.5030345
1.5126417
1.4792364
1.4435542
1.4938412
1.5820873
1.4897883
1.5623326
1.5487027
1.5815315
1.578072
1.4608928
1.5251034
1.4805244
1.4970937
1.4346634
1.4159889
1.557457
1.4817858
1.6006006
1.4957916
1.5857635
1.4625511
1.3614372
1.4400133
1.4267554
1.4294647
1.5670921
1.4456131
1.5368737
1.5256522
1.5184093
1.5158424
1.4044695
1.6423182
1.4056304
1.5932571
1.4890273
1.3971786
1.4406691
1.4657743
1.4532359
1.3905343
1.3995192
1.5434008
1.4421651
1.4162525
1.4614048
1.4505031
1.3840306
1.544874
1.4195039
1.4929678
1.5493305
1.5311171
1.4973075
1.3817503
1.5663264
1.4190865
1.4205588
1.4410218
1.5330878
1.4831855
1.5323962
1.4512281
1.5011418
1.409872
1.5387058
1.4814088
1.6146538
1.5058517
1.4820776
1.546081
1.3953984
1.4745363
1.318186
1.6261625
1.5919727
1.4309555
1.514957
1.5318271
1.5251529
1.3731201
1.423869
1.6034063
1.4124194
1.3961846
1.5089782
1.4952703
1.5442383
1.3390429
1.4910512
1.5621749
1.527857
1.5096321
1.465823
1.4846203
1.6191733
1.4864483
1.5331368
1.4722648
1.467884
1.3912613
1.4150873
1.4158908
1.453073
1.395138
1.3983309
1.4654266
1.48555
1.4994476
1.4603865
1.505125
1.4952123
1.5718372
1.561503
1.6639873
1.4671311
1.3845918
1.455617
1.5146693
1.4677131
1.4378543
1.4525747
1.6612247
1.4650046
1.4332429
1.4432335
1.4901152
1.4971113
1.5470284
1.6012698
1.6071181
1.4604964
1.6251717
1.3676251
1.5065125
1.4482913
1.5370669
1.6044654
1.4898783
1.4873552
1.3567867
1.4063404
1.5304087
1.4418329
1.5312862
1.3779687
1.5064356
1.6308107
1.5275395
1.4996898
1.5131929
1.5375317
1.5077378
1.4474096
1.5109776
1.4689641
1.475301
1.5172429
1.6017455
1.4819825
1.4584475
1.5784149
1.5443466
1.3719907
1.4722747
1.5671232
1.5323155
1.5198
1.6827154
1.5362766
1.4175787
1.5246415
1.5333359
1.4627607
1.3995883
1.3952196
1.5810411
1.4722579
1.4001727
1.4833062
1.6155205
1.4909778
1.4829652
1.4286866
1.3487959
1.4299219
1.4929148
1.5817819
1.4389699
1.5262494
1.5647316
1.4198608
1.4037446
1.5055305
1.4849619
1.4923434
1.4924877
1.4099588
1.3551912
1.4961295
1.6269982
1.561044
1.4913361
1.3910773
1.5057502
1.3849103
1.4734825
1.5201559
1.4613888
1.4180038
1.5062685
1.4854705
1.4651089
1.5289229
1.5868541
1.5819672
1.6958919
1.409207
1.2814721
1.514776
1.4498693
1.5030735
1.5680983
1.4846164
1.6496125
1.3895023
1.3855466
1.4792595
1.5014148
1.4043875
1.481867
1.5427208
1.4387965
1.390609
1.4076524
1.4816701
1.421187
1.4613262
1.3382125
1.547888
1.3992529
1.5283664
1.4424936
1.5410936
1.3431426
1.4580393
1.4555886
1.4299135
1.5239613
1.3761184
1.4958844
1.5730448
1.5134242
1.447047
1.553132
1.4470334
1.4800094
1.5081244
1.3663551
1.4887857
1.6085303
1.5237998
1.4027555
1.5804851
1.6461904
1.52065
1.5772352
1.5399466
1.5374728
1.4484972
1.5475436
1.607219
1.377845
1.5247756
1.5833203
1.4614732
1.4329062
1.5080063
1.5903921
1.6595725
1.550204
1.4737008
1.4170965
1.5396442
1.4758661
1.426456
1.4711827
1.565464
1.5733123
1.3767691
1.4955027
1.4855862
1.3957402
1.3541358
1.3864481
1.4531
1.4944466
1.4208002
1.5697691
1.4862818
1.4508653
1.4131713
1.479861
1.4807966
1.4224904
1.3609395
1.4897261
1.4175282
1.5926793
1.4074947
1.3861641
1.4748864
1.3819277
1.4903929
1.438338
1.4520282
1.63471
1.4591376
1.5520864
1.5957124
1.3582711
1.5903752
1.4855235
1.566993
1.5440481
1.5764862
1.6122451
1.455853
1.4866921
1.3709713
1.5259876
1.5023167
1.529945
1.4286443
1.5936255
1.2974935
1.6482636
1.505976
1.555826
1.439975
1.4958009
1.4812803
1.5436901
1.5027176
1.3986812
1.4426689
1.5117383
1.4618539
1.438069
1.5644963
1.5585395
1.4606955
1.3792241
1.4460287
1.5267588
1.4969682
1.5848693
1.5481871
1.3448851
1.610191
1.5693748
1.4479647
1.5466123
1.5669363
1.4116209
1.5819681
1.5420368
1.4930366
1.3980097
1.3640392
1.5303087
1.5616857
1.4150059
1.4275497
1.5105946
1.5727754
1.5185502
1.4853487
1.4297118
1.5813258
1.4550502
1.5383099
1.5089706
1.5452915
1.489634
1.5265849
1.5325735
1.5250609
1.4037519
1.4844978
1.5541431
1.4985145
1.4097081
1.4650543
1.5289987
1.5211331
1.393959
1.583867
1.5049783
1.520164
1.5219779
1.3865391
1.4056215
1.4555097
1.4965526
1.4578111
1.6651608
1.4442296
1.37828
1.4577923
1.4943417
1.4324046
1.4327977
1.4531736
1.4246806
1.4144074
1.6269034
1.4830421
1.5840143
1.5019115
1.4357755
1.3535897
1.4642904
1.4544513
1.3985884
1.5190034
1.4202262
1.4357277
1.4418899
1.5466692
1.3648083
1.3177621
1.5932258
1.477181
1.5965506
1.3026731
1.4591008
1.5755612
1.5090345
1.4365174
1.44351
1.440758
1.5234628
1.4658649
1.4724178
1.2565321
1.4540397
1.4602914
1.4528178
1.4373896
1.4683874
1.5559702
1.4608328
1.5096705
1.4783599
1.490905
1.4025223
1.496202
1.3753525
1.3834972
1.5044712
1.4427624
1.500764
1.478549
1.5469538
1.5797548
1.5186799
1.5299511
1.4311644
1.3916034
1.6004323
1.6226945
1.5215118
1.5226072
1.5645735
1.3557976
1.3296407
1.4848907
1.4547604
1.4772155
1.4354888
1.4556053
1.5897774
1.3817664
1.5233759
1.4727442
1.4850776
1.4273127
1.444282
1.4002388
1.5131288
1.5190306
1.3719757
1.4072523
1.5488911
1.4887406
1.5184822
1.652057
1.461113
1.3924146
1.514424
1.4875216
1.5402567
1.6074462
1.5064394
1.500226
1.4748578
1.3757441
1.4078729
1.5216744
1.5236294
1.5339919
1.554375
1.3900094
1.40307
1.3806646
1.4551251
1.5596159
1.4684426
1.4332111
1.5799655
1.5377616
1.3862052
1.6091074
1.4282825
1.5495266
1.5198754
1.4464271
1.5602336
1.4742886
1.574604
1.5850453
1.6102053
1.492338
1.6130148
1.4763167
1.4748344
1.4890084
1.5013729
1.446698
1.5225825
1.5073909
1.5392324
1.3770499
1.5029379
1.3955805
1.5669878
1.4139287
1.466773
1.6346772
1.4638588
1.4901849
1.4562631
1.422579
1.5386903
1.7077458
1.4357119
1.5041226
1.4334946
1.5549524
1.5568683
1.5252105
1.4842045
1.4258401
1.4577274
1.3728988
1.4368088
1.5765065
1.4951055
1.4034129
1.4222251
1.351749
1.4978983
1.4739864
1.5715077
1.5154787
1.4180443
1.5718977
1.4316226
1.6646518
1.5336399
1.537391
1.3559067
1.5806661
1.4230225
1.4747164
1.4323404
1.6386291
1.4619038
1.5410433
1.3310438
1.4328171
1.5277836
1.515289
1.4540668
1.5338616
1.3652518
1.3664584
1.557304
1.4422685
1.4565802
1.6380289
1.4413365
1.5179954
1.518303
1.5968131
1.5068891
1.486408
1.4132817
1.4256386
1.4582672
1.5411094
1.4306136
1.4679582
1.5103769
1.4603357
1.4452319
1.4987886
1.4587682
1.573778
1.3918481
1.330071
1.5745074
1.4710983
1.4145013
1.4128922
1.4868566
1.472726
1.4598465
1.375978
1.4959882
1.3329253
1.4541515
1.4312139
1.465498
1.4182504
1.4786861
1.5313109
1.4874027
1.5517015
1.3208978
1.4648165
1.387022
1.5627971
1.4779507
1.4552749
1.5040557
1.4168282
1.6461246
1.5020795
1.5899549
1.4767852
1.5099018
1.4810492
1.4392573
1.4942257
1.4240886
1.4220994
1.5684723
1.4242747
1.5190014
1.4877635
1.3441699
1.3105128
1.5011895
1.4669423
1.5262939
1.440866
1.5668514
1.5704786
1.5024998
1.4852588
1.4628656
1.5860806
1.5188382
1.5424062
1.5915844
1.3822882
1.5026189
1.40317
1.4418116
1.5922402
1.5153247
1.4713912
1.4489044
1.40442
1.5653083
1.416394
1.4238753
1.5996155
1.545201
1.4643764
1.4832039
1.4289405
1.5222119
1.4762565
1.4467103
1.4228225
1.54544
1.4158471
1.6565948
1.4343638
1.5448058
1.4571338
1.3969252
1.4636488
1.4487115
1.52007
1.4167055
1.4839499
1.4669375
1.3504515
1.4999088
1.5763257
1.448879
1.5353174
1.5053747
1.4730557
1.4488943
1.4876349
1.4613175
1.6797509
1.4572488
1.4476544
1.4422449
1.5375322
1.3840903
1.4651495
1.6212696
1.5137292
1.4820113
1.4177003
1.4546413
1.4483069
1.3686621
1.4324068
1.4661542
1.4924444
1.5087982
1.6255486
1.4382249
1.6026866
1.4499623
1.5434601
1.5333495
1.5254686
1.5123184
1.5359836
1.6022564
1.3637424
1.4313377
1.4812373
1.5505286
1.5494184
1.553573
1.6107357
1.5140289
1.4420358
1.4799201
1.5093455
1.4055398
1.4489083
1.5302656
1.3622994
1.461534
1.4937958
1.3550363
1.4470509
1.5646418
1.5441391
1.5462599
1.5252776
1.4621298
1.458683
1.5413392
1.5893679
1.4687955
1.517224
1.4274284
1.4114268
1.5372796
1.5277436
1.4734101
1.5229554
1.6832453
1.5611761
1.3354841
1.5663719
1.5963271
1.4720576
1.4889661
1.432806
1.5447586
1.5162276
1.4097068
1.525448
1.5864973
1.5492094
1.4969552
1.3999794
1.4122491
1.3757356
1.4432095
1.4735245
1.4672449
1.4277468
1.4455025
1.4279695
1.5623255
1.4736351
1.476067
1.3815506
1.3501831
1.4253097
1.4116676
1.4752792
1.3963356
1.4636567
1.4426596
1.5238748
1.6486573
1.3592387
1.5229349
1.3825972
1.4296378
1.3813006
1.5403538
1.3700886
1.578358
1.4636364
1.4693897
1.5119061
1.467669
1.4131789
1.473433
1.332847
1.305704
1.5382409
1.5666612
1.5736723
1.4333613
1.4460095
1.508189
1.4209502
1.3961331
1.4487549
1.4772686
1.5146701
1.4948666
1.6144236
1.5175167
1.523226
1.5514562
1.459726
1.5125866
1.5047652
1.6552687
1.4678221
1.427803
1.4240707
1.5346391
1.5232463
1.5608213
1.5260164
1.5627215
1.4604223
1.5268348
1.5745585
1.4400338
1.5030841
1.5073566
1.3643757
1.5228994
1.320118
1.5551761
1.4638586
1.4926702
1.6540093
1.4100783
1.5936799
1.4844921
1.2958854
1.4700698
1.5121524
1.4445065
1.3840952
1.4664161
1.5413415
1.4684124
1.5038925
1.5689101
1.429489
1.3967278
1.5514274
1.4266706
1.5394733
1.3683599
1.5262216
1.439866
1.488273
1.4989238
1.4505991
1.4156529
1.4743016
1.5001973
1.5165498
1.5550702
1.4757642
1.5692669
1.4778819
1.4395015
1.5629282
1.3880687
1.4171531
1.4966621
1.4153618
1.4648452
1.5893364
1.4742075
1.5106224
1.4411653
1.5303398
1.5171831
1.439034
1.5477449
1.458175
1.4345839
1.5423126
1.5418991
1.5224123
1.520007
1.4997804
1.4143529
1.550004
1.5172247
1.4715793
1.3965515
1.4303067
1.5123801
1.444673
1.6060381
1.4901488
1.6922972
1.4051692
1.4147896
1.5523883
1.5833981
1.5545858
1.5256966
1.443788
1.5359762
1.4363574
1.5451612
1.5545212
1.4182312
1.4109339
1.5099096
1.5866586
1.6296248
1.5145658
1.5036969
1.4830234
1.5751617
1.5606754
1.4805486
1.3817672
1.474846
1.5686545
1.4349899
1.5252932
1.4951621
1.4846259
1.6250365
1.3915677
1.5334886
1.5664722
1.4751046
1.5409681
1.4518353
1.4674914
1.5081387
1.5524366
1.4482396
1.5072918
1.5177672
1.5754064
1.5337815
1.5863359
1.4368253
1.4758575
1.5389335
1.4898857
1.4248686
1.3825686
1.5157349
1.4969811
1.5606318
1.4898763
1.4921522
1.4672362
1.6020689
1.4576237
1.4931421
1.5389082
1.4587249
1.4552531
1.3755583
1.4526677
1.3993818
1.511128
1.486651
1.4585826
1.5773064
1.482909
1.5386935
1.49782
1.5202029
1.3588128
1.484009
1.4590111
1.6018457
1.5384362
1.504243
1.4909868
1.4298694
1.4262619
1.498901
1.4479473
1.4060589
1.3859639
1.491209
1.521688
1.4653355
1.3901594
1.4860766
1.411252
1.5329707
1.4339951
1.5207046
1.536623
1.5098095
1.4425806
1.419715
1.5266442
1.4847344
1.456753
1.4287521
1.5846891
1.3375814
1.3911285
1.3857794
1.5155513
1.4843507
1.5591967
1.5582501
1.5030457
1.5897362
1.5536776
1.5343757
1.4790895
1.4755168
1.4164948
1.4767189
1.5156387
1.400779
1.4273459
1.4758334
1.590973
1.3671055
1.4261564
1.3781941
1.5940729
1.4185677
1.4329247
1.4559032
1.4201658
1.536116
1.4861735
1.5472733
1.442686
1.5013812
1.5788562
1.4120033
1.4004467
1.5581738
1.5556737
1.5601287
1.5910035
1.4945747
1.5041924
1.4762766
1.5415974
1.5466924
1.5328255
1.3985566
1.5584011
1.5165385
1.4681576
1.5718884
1.4434806
1.4979489
1.5455884
1.3988068
1.5195308
1.4659832
1.4540108
1.3809092
1.5696838
1.5089331
1.4822254
1.51455
1.3549407
1.4164699
1.3486414
1.3706008
1.622428
1.5180488
1.5125341
1.697942
1.4759026
1.4639875
1.5305245
1.4717894
1.5102422
1.5907985
1.3600446
1.5865358
1.6205
1.4886944
1.4691628
1.5581313
1.5033534
1.3473606
1.4990263
1.4525865
1.3266053
1.474908
1.5411532
1.4713945
1.3995318
1.4219294
1.4445202
1.47037
1.4772265
1.528328
1.4746138
1.5895374
1.4416243
1.4498899
1.4577742
1.4131603
1.3846774
1.4715738
1.4250225
1.4503267
1.4635875
1.5327678
1.4787663
1.5258418
1.4262147
1.4878408
1.5001643
1.4132414
1.5494987
1.3852164
1.4733024
1.5160362
1.3680509
1.3885766
1.533478
1.4362546
1.4636731
1.5663018
1.4843394
1.452219
1.6554828
1.5447874
1.4609828
1.3837034
1.4569099
1.3629067
1.3690269
1.5727584
1.4323583
1.5135876
1.3739502
1.5440829
1.4597194
1.4488952
1.5109116
1.5259922
1.4587748
1.5746676
1.4102437
1.4357215
1.4434406
1.4297363
1.5973911
1.3628658
1.4108689
1.5048958
1.5036643
1.4421957
1.5405877
1.3803712
1.4640019
1.4357545
1.5040872
1.3855041
1.4013215
1.4823396
1.5616081
1.4293772
1.511287
1.4451294
1.4888461
1.5428739
1.4928254
1.5100516
1.5186654
1.42503
1.5501168
1.5044395
1.4713659
1.4024456
1.3970281
1.459583
1.4056519
1.4299015
1.6241527
1.4298923
1.5400822
1.504569
1.4544631
1.4649755
1.4749848
1.4914222
1.4173157
1.3411418
1.4866036
1.5579689
1.4491057
1.5322653
1.4801029
1.446367
1.3783258
1.4659516
1.5152167
1.5068159
1.5151786
1.463474
1.3559229
1.4906765
1.5254393
1.3954847
1.4432049
1.7057483
1.5143092
1.6281687
1.3842037
1.6531767
1.3191543
1.399242
1.4069419
1.4721432
1.4968164
1.4959556
1.4892943
1.475448
1.5142984
1.4569435
1.5086458
1.6346648
1.4959831
1.4729048
1.5631058
1.5160707
1.4039441
1.4852294
1.5017514
1.465774
1.447817
1.5297736
1.3754773
1.4544913
1.4197558
1.4692441
1.4300772
1.3271886
1.3666724
1.531847
1.5321703
1.4585018
1.4058696
1.4365749
1.4587225
1.4652189
1.4730482
1.5269493
1.4950278
1.3833786
1.4370402
1.4996909
1.3938462
1.3229514
1.4617851
1.4538667
1.4632417
1.4390041
1.534488
1.4297184
1.5411842
1.406318
1.4810708
1.4538832
1.5978335
1.4101067
1.5665414
1.3924125
1.3643864
1.4663107
1.4972605
1.4905282
1.4215642
1.4638168
1.4800689
1.4504409
1.3158765
1.6280417
1.5142827
1.4973556
1.4921069
1.4996234
1.3690485
1.4730133
1.3825333
1.429139
1.467726
1.3933369
1.4499413
1.4723568
1.4644505
1.538219
1.4494979
1.4160624
1.5357109
1.3238436
1.421524
1.6819985
1.4543021
1.4466537
1.4257401
1.4867039
1.352699
1.5506274
1.4752165
1.5390003
1.5622327
1.4620323
1.4433748
1.4916837
1.4529262
1.4709458
1.5503881
1.4722495
1.5976723
1.5230381
1.5863466
1.4592912
1.3805561
1.4384174
1.5373095
1.5658804
1.5093772
1.3255165
1.4447943
1.3729113
1.5633755
1.5122957
1.4555446
1.4978968
1.4715233
1.4083892
1.4700062
1.3961949
1.4358652
1.4840058
1.3673084
1.3143468
1.321024
1.4711177
1.5718933
1.5379928
1.348626
1.5048301
1.3531928
1.5439185
1.4794619
1.4763043
1.5643777
1.50932
1.3618174
1.5251175
1.4502565
1.4435444
1.5355372
1.4395337
1.5837531
1.4842123
1.407147
1.538115
1.4524626
1.3885556
1.5773315
1.5031967
1.4265642
1.5047547
1.3862126
1.4932003
1.4177446
1.4183395
1.5754747
1.4859616
1.3989148
1.4535127
1.3757235
1.5765764
1.6018833
1.4660482
1.5138232
1.4689207
1.4309489
1.4645844
1.430583
1.3954718
1.447788
1.3872678
1.4723042
1.5559784
1.4586672
1.4767557
1.380301
1.3334582
1.57779
1.4659193
1.3828672
1.4604983
1.4880828
1.5772352
1.4139674
1.4237292
1.5221972
1.5587324
1.4153438
1.5973289
1.5007362
1.4868482
1.4508284
1.4037772
1.4230827
1.4629112
1.5017809
1.4816577
1.4160699
1.4564064
1.3301356
1.5932683
1.4385896
1.3797945
1.4429014
1.4439585
1.3647548
1.5898927
1.4629222
1.42431
1.475375
1.4538914
1.4541075
1.5756948
1.4137132
1.435755
1.478522
1.551882
1.480087
1.4892237
1.4357406
1.6231415
1.4954385
1.2589968
1.4785585
1.3998086
1.4727566
1.3644847
1.4869949
1.3128861
1.4741656
1.4303774
1.5706483
1.4276909
1.4347343
1.5276749
1.4471052
1.5689605
1.5816717
1.411386
1.6545347
1.4791584
1.4750046
1.4921445
1.4550915
1.4991338
1.4423057
1.5852704
1.4441178
1.408024
1.427393
1.4293191
1.4549739
1.4644006
1.6328361
1.3607905
1.3306646
1.5017809
1.57785
1.5440673
1.4030452
1.5498829
1.5582205
1.3439794
1.5273391
1.4052901
1.4653826
1.4363064
1.4826267
1.4191456
1.4033048
1.4114068
1.5417836
1.3952196
1.5002332
1.3742685
1.5196682
1.5069823
1.4927948
1.5038508
1.3797276
1.5896839
1.3369181
1.4569073
1.4922804
1.4287843
1.4789181
1.5114071
1.4328482
1.4525647
1.5513716
1.4642993
1.5001203
1.2670865
1.3943632
1.4161191
1.4696124
1.381138
1.4186519
1.4327627
1.4374342
1.411276
1.4608598
1.4276465
1.4493215
1.5902497
1.5021152
1.4405993
1.5266397
1.3765221
1.4883692
1.4329228
1.4196163
1.4905515
1.5429392
1.4468476
1.5442979
1.372089
1.5135747
1.4515579
1.4188006
1.4275901
1.403076
1.4535668
1.3903251
1.4551783
1.3734816
1.4265351
1.4241357
1.6251848
1.4123569
1.6538862
1.4544061
1.3238388
1.43893
1.6199379
1.4204571
1.5390284
1.524319
1.4288526
1.5179927
1.6029587
1.5750902
1.5676272
1.5088413
1.335772
1.4924332
1.4736114
1.5196776
1.3563948
1.5439368
1.4740368
1.5583568
1.5926653
1.4978715
1.3809586
1.465601
1.4410654
1.5112765
1.5280758
1.4352019
1.5018452
1.4737653
1.5564554
1.5113621
1.2935947
1.4484752
1.3964918
1.6085496
1.3942127
1.4538698
1.4953375
1.3573905
1.441251
1.4708354
1.4740556
1.4429827
1.461627
1.5787346
1.5488133
1.404187
1.5863644
1.5024886
1.5123768
1.4165798
1.4999465
1.3856745
1.4953153
1.4231757
1.4428155
1.4620183
1.4408071
1.4666897
1.4851992
1.5058297
1.4180608
1.6239452
1.4133228
1.5463607
1.4304893
1.4661608
1.436726
1.4583198
1.4989352
1.2744591
1.4333909
1.621884
1.4871838
1.5160782
1.3899043
1.4246936
1.4605148
1.4510027
1.4025155
1.4402282
1.3412306
1.5267472
1.4063056
1.5483632
1.3658769
1.592042
1.5261173
1.5030179
1.5367385
1.5001411
1.485334
1.3570662
1.4139901
1.5247405
1.6610814
1.4085462
1.5218861
1.543787
1.6202459
1.4985604
1.357413
1.4752719
1.570271
1.5546306
1.5239334
1.474196
1.4768066
1.5056313
1.5185659
1.4914861
1.6199014
1.4812841
1.526143
1.3445904
1.5758458
1.5210196
1.4858794
1.5050721
1.6059744
1.2869985
1.5101326
1.4962811
1.3038771
1.5312753
1.5325878
1.3996497
1.3579963
1.4746145
1.6195518
1.5269656
1.4414061
1.4290547
1.4293191
1.4728191
1.6137754
1.5483457
1.525664
1.4345226
1.4205163
1.4966975
1.4662259
1.4874781
1.3329481
1.5023277
1.5125926
1.5214244
1.3864104
1.5316257
1.4594269
1.5389009
1.5372814
1.4899702
1.5481088
1.6668326
1.466448
1.5371457
1.4231882
1.4703751
1.5588439
1.5262609
1.3686913
1.6979326
1.5410483
1.4688399
1.4869514
1.3613789
1.5540191
1.5176953
1.5468128
1.462679
1.464036
1.4342754
1.5134213
1.5515234
1.43922
1.3986
1.5088061
1.435069
1.492273
1.3770096
1.3759761
1.303225
1.3964136
1.530338
1.4238569
1.3971044
1.4663047
1.4777572
1.447915
1.4723649
1.5062642
1.4911343
1.566708
1.3893492
1.4551114
1.4527587
1.4957123
1.6072326
1.3959985
1.2689921
1.4644854
1.5916893
1.419093
1.4574723
1.4946187
1.3661406
1.2793869
1.4724684
1.5204214
1.5098419
1.4069022
1.331738
1.462461
1.5004685
1.369555
1.4584634
1.431876
1.5283095
1.3973771
1.414635
1.5687009
1.3978895
1.5208741
1.4788918
1.3478802
1.4559557
1.4435036
1.414054
1.401188
1.5065885
1.6008836
1.3284919
1.4089347
1.5779434
1.5467288
1.3045187
1.4942424
1.4078674
1.4754993
1.429104
1.4432127
1.4830402
1.4774654
1.4428598
1.4542274
1.5724115
1.4952278
1.465111
1.3120042
1.3731285
1.5027367
1.4041629
1.5141596
1.5482048
1.5295829
1.4438069
1.3747286
1.3752209
1.5328363
1.5601437
1.5628157
1.305174
1.5014971
1.5957544
1.4595577
1.3575637
1.4758291
1.3735557
1.4045392
1.489404
1.4212698
1.5454403
1.4678252
1.4843149
1.4865285
1.4670281
1.3760557
1.3486454
1.4467218
1.4317565
1.425232
1.4235363
1.4616011
1.4248992
1.4588808
1.4193232
1.4388237
1.4434372
1.4704205
1.4581112
1.5024284
1.2870336
1.5120306
1.5784806
1.3475382
1.3562361
1.5182521
1.4601152
1.4560953
1.4888726
1.4324512
1.4686171
1.453069
1.3722329
1.2038267
1.4430939
1.3570163
1.387137
1.5065668
1.4663479
1.5489349
1.4852108
1.3871553
1.5679395
1.4577864
1.4685445
1.501945
1.4593258
1.5403823
1.4027692
1.442631
1.6072803
1.3725295
1.4845638
1.4828029
1.486596
1.484083
1.430926
1.392289
1.23046
1.4115655
1.4449682
1.3953857
1.4305763
1.4497527
1.3429804
1.5055507
1.3235421
1.4871502
1.3962556
1.4570091
1.4821465
1.5328666
1.5936978
1.4447821
1.550312
1.5551101
1.3151754
1.3680409
1.3753339
1.4127464
1.2684968
1.5269474
1.4740672
1.4916477
1.2758743
1.4268882
1.6130005
1.608458
1.4613223
1.4641248
1.5434769
1.4807079
1.305842
1.5587478
1.5270503
1.4550582
1.4585025
1.5084308
1.5070544
1.415417
1.5452218
1.5232652
1.4932263
1.4599481
1.496388
1.5617697
1.4701777
1.3303618
1.4658778
1.5161077
1.5659891
1.3987
1.5085312
1.3710952
1.3944623
1.4327168
1.5224179
1.4422579
1.4741616
1.5683233
1.5539372
1.4943763
1.5355462
1.4539418
1.6000061
1.3641504
1.5180155
1.4465178
1.5706235
1.429669
1.3599669
1.4392679
1.5227244
1.528105
1.4244113
1.544093
1.4787779
1.4248174
1.4980952
1.506681
1.3843225
1.4818566
1.3868872
1.3699723
1.4649616
1.4506007
1.4279455
1.4417379
1.5406413
1.461395
1.4755399
1.3706428
1.3693304
1.4262679
1.4066175
1.4421308
1.5112889
1.4301398
1.3318826
1.5992112
1.3927364
1.4101777
1.4369066
1.436682
1.5259911
1.4375029
1.4278524
1.5225353
1.412082
1.4863145
1.551337
1.446252
1.5424998
1.3124583
1.527756
1.3807384
1.5080402
1.4680997
1.4877013
1.496587
1.4921334
1.3474442
1.5387058
1.4549651
1.3974729
1.3919597
1.3590126
1.4068787
1.3836201
1.4422785
1.3387787
1.274443
1.4184026
1.2628176
1.4246391
1.404283
1.4675112
1.3914587
1.3440127
1.4563937
1.4900489
1.3569806
1.4581921
1.3180414
1.4884384
1.4945827
1.4328891
1.3315333
1.5266101
1.2708638
1.379072
1.5004778
