0.30666667
0.29
0.31
0.33333334
0.28333336
0.30333334
0.28333333
0.33
0.32333332
0.32666668
0.29666668
0.31333333
0.33666667
0.28
0.25333333
0.33
0.3433333
0.41000003
0.26333332
0.31666666
0.30333334
0.35333332
0.22999999
0.3033333
0.35333332
0.26666668
0.31
0.27333334
0.28
0.38333333
0.24333334
0.33999997
0.29333332
0.3033333
0.33666667
0.30333334
0.27
0.32333332
0.26000002
0.29666668
0.3866667
0.33333334
0.41333333
0.31666666
0.39000002
0.30333334
0.29333335
0.26333335
0.30333334
0.35333335
0.3033333
0.34333333
0.35333332
0.31666666
0.34333333
0.3333333
0.32333332
0.30666667
0.33666667
0.39666665
0.41
0.30666667
0.4366667
0.45666665
0.31333333
0.3333333
0.34666666
0.36
0.39666665
0.39000002
0.34333333
0.41333336
0.45999998
0.37
0.40666667
0.41666666
0.34666663
0.36666667
0.43666667
0.37000003
0.39333332
0.42000002
0.37
0.33333334
0.34333333
0.37333336
0.43
0.38
0.42333335
0.39666668
0.34
0.36333334
0.37
0.42000002
0.32333335
0.36
0.39666668
0.32
0.36
0.41333333
0.39333335
0.40666667
0.4066667
0.34
0.35333332
0.38
0.42666665
0.41333333
0.44
0.38666666
0.37
0.43666667
0.33666667
0.33333334
0.35
0.27666667
0.35333332
0.4633333
0.39333332
0.4
0.41000003
0.34333333
0.39000002
0.29333335
0.38666666
0.41333336
0.31333333
0.32999998
0.3866667
0.42666668
0.39
0.37333333
0.37333333
0.36666667
0.47
0.40333337
0.35
0.39666668
0.37333333
0.32
0.4166667
0.47333333
0.31
0.34333333
0.36
0.42666668
0.36333334
0.36
0.38
0.39000002
0.37333333
0.4166667
0.37666667
0.41
0.43333334
0.41333336
0.33666664
0.33999997
0.39999998
0.39666668
0.42333335
0.45333332
0.40666667
0.35666665
0.34666666
0.41
0.36333334
0.43666667
0.43666667
0.35666665
0.30666667
0.33999997
0.39
0.29333332
0.35
0.39
0.35333332
0.4
0.44666666
0.43333334
0.39
0.41333336
0.36666664
0.4066667
0.35666665
0.35
0.4
0.45000002
0.44333333
0.3433333
0.37
0.42666668
0.42000002
0.33666664
0.41
0.3633333
0.48
0.3
0.35666665
0.33666664
0.34333333
0.34666666
0.34666663
0.44
0.43
0.4066667
0.44666666
0.4666667
0.37
0.32666665
0.4133333
0.35333335
0.43
0.37666667
0.35
0.35333332
0.40333334
0.38333336
0.37333333
0.37
0.4
0.39666668
0.41666666
0.38
0.45666668
0.34333333
0.39333332
0.35666668
0.38666666
0.37666667
0.32666665
0.39999998
0.42666665
0.40333337
0.40000004
0.37333333
0.5
0.3433333
0.36333334
0.4166667
0.45666668
0.45333335
0.41333336
0.44333336
0.37666664
0.43333334
0.44333336
0.51666665
0.41
0.43
0.40666667
0.43000004
0.43
0.36333334
0.4466667
0.38666666
0.37333333
0.3733333
0.4
0.42333335
0.37333333
0.38333333
0.35333332
0.31
0.46666667
0.41333336
0.44333333
0.30666667
0.32999998
0.47333333
0.38
0.40333334
0.43333334
0.35333332
0.39666668
0.34333333
0.41333333
0.44
0.4
0.36333334
0.3866667
0.41
0.46666667
0.44333333
0.43
0.39666668
0.37
0.39
0.39333335
0.44333333
0.46666664
0.36666667
0.4166667
0.41000003
0.4066667
0.45
0.42666668
0.34666666
0.4333333
0.36333334
0.35000002
0.48333335
0.49666667
0.46666667
0.43333334
0.41
0.45333335
0.38
0.4166667
0.39000002
0.28
0.44666666
0.4766667
0.42333332
0.50666666
0.45666665
0.41333333
0.40666667
0.48333335
0.35999998
0.3866667
0.39000002
0.36
0.33666667
0.4
0.41333336
0.45
0.38666666
0.46333337
0.42666668
0.43666667
0.43
0.46666667
0.37666667
0.4133333
0.45333335
0.43
0.48
0.39333335
0.39999998
0.41666666
0.35333332
0.45666668
0.43333337
0.44666666
0.35999998
0.45333335
0.40333337
0.47000003
0.40666667
0.45333332
0.49666667
0.45999998
0.42
0.38333333
0.46666667
0.42000002
0.38666666
0.34333333
0.36
0.38333333
0.4
0.35
0.45999998
0.4233333
0.43
0.40333337
0.48666668
0.39333332
0.42666668
0.39333332
0.4933333
0.37
0.41
0.42000002
0.34666666
0.48000002
0.41
0.44
0.47333336
0.39666668
0.44666666
0.45333335
0.38666666
0.46666664
0.41333333
0.43
0.39
0.45333335
0.35333332
0.39999998
0.35999998
0.36666664
0.45000002
0.44000003
0.44333333
0.34333333
0.34333333
0.51
0.39000002
0.45333332
0.47333333
0.44
0.44
0.47666666
0.36
0.39
0.47
0.39000002
0.33666664
0.3766667
0.44666666
0.46333334
0.35333332
0.44666666
0.32666665
0.31666666
0.40333334
0.43333334
0.47
0.50333333
0.36666667
0.50666666
0.38666666
0.39666668
0.39000002
0.39333332
0.48000002
0.42666665
0.4
0.40333334
0.55
0.40333334
0.40666667
0.42666665
0.41333336
0.46666667
0.46666664
0.43333334
0.42666665
0.47
0.40333334
0.32999998
0.41000003
0.40666667
0.42333335
0.39333332
0.46666667
0.4066667
0.42333335
0.4
0.47666666
0.38666666
0.43666667
0.42666668
0.43333334
0.44333336
0.4166667
0.40333334
0.40333334
0.37333333
0.46666667
0.44666666
0.46666664
0.40666664
0.45999998
0.44666666
0.39000002
0.46666664
0.33
0.44666666
0.48000002
0.44
0.39000002
0.48000002
0.4633333
0.4766667
0.45
0.44666666
0.38
0.48333335
0.41000003
0.43333337
0.48999998
0.4466667
0.39999998
0.38
0.4066667
0.36
0.45666668
0.4166667
0.37666667
0.46666667
0.45333335
0.4466667
0.4633333
0.42
0.4
0.40333334
0.47
0.32999998
0.38666666
0.41666666
0.34999996
0.51
0.43666667
0.33666667
0.43333334
0.39666668
0.5133333
0.43
0.45999998
0.41
0.43333334
0.4166667
0.45000002
0.42333335
0.41
0.45333332
0.4433333
0.39666668
0.5133333
0.47333333
0.3366667
0.44
0.28
0.36999997
0.41
0.47666663
0.41
0.43
0.43
0.4
0.35
0.41666666
0.4133333
0.39
0.52
0.47333333
0.39999998
0.3866667
0.4166667
0.34333333
0.44666666
0.42666665
0.50666666
0.42333335
0.43666667
0.39
0.41666666
0.50666666
0.44
0.44666666
0.43333334
0.43
0.5166667
0.42
0.45000002
0.37666667
0.44
0.35666665
0.42666668
0.43666667
0.53
0.36666667
0.46333337
0.41333336
0.41666666
0.41333336
0.53333336
0.48000002
0.41333333
0.44333333
0.43
0.39000002
0.37333333
0.42666665
0.42
0.38333336
0.39
0.4
0.39666665
0.37333333
0.4766667
0.4033333
0.45999998
0.39
0.4466667
0.47333336
0.37333333
0.49666667
0.38
0.4666667
0.44
0.36
0.46333334
0.35333332
0.4133333
0.46333334
0.38
0.44
0.49333334
0.39333335
0.47666666
0.47000003
0.4566667
0.47333333
0.46666664
0.47333333
0.46666664
0.4166667
0.42666668
0.4433333
0.48666668
0.43
0.48000002
0.45333335
0.36333334
0.36
0.4066667
0.55
0.47333336
0.41000003
0.42000002
0.48333335
0.53333336
0.41
0.36
0.41333336
0.42000002
0.47000003
0.37333333
0.42666668
0.46666667
0.48333332
0.40666667
0.40666667
0.5
0.42666668
0.47666666
0.5266667
0.45333332
0.34333333
0.39666668
0.47333333
0.41000003
0.37333333
0.43
0.4633333
0.51
0.4166667
0.41000003
0.48333332
0.41333336
0.52
0.42
0.37
0.47333336
0.40333334
0.42666668
0.37666667
0.46666667
0.41666666
0.35666665
0.45666665
0.41333336
0.40999997
0.4633333
0.42000002
0.4333333
0.43666667
0.43333334
0.44333333
0.38333333
0.35666668
0.41000003
0.45333338
0.40666664
0.32999998
0.47000003
0.46999997
0.46333334
0.38
0.35666668
0.5233333
0.45
0.3866667
0.41333333
0.43333334
0.35333335
0.39000002
0.52666664
0.4333333
0.41
0.44666666
0.36666667
0.32333332
0.45
0.36333334
0.44666666
0.37333333
0.38333333
0.42999998
0.37
0.45000002
0.49333337
0.42
0.39666668
0.51666665
0.48333335
0.41
0.40333334
0.46
0.42666668
0.50333333
0.33999997
0.44666666
0.39
0.45666665
0.51
0.42333332
0.38666666
0.4166667
0.45666668
0.42000002
0.45333332
0.46666667
0.48333335
0.37
0.42333332
0.41666666
0.41000003
0.46666667
0.46333334
0.46333334
0.43666667
0.42
0.46666664
0.5
0.50333333
0.47666666
0.37
0.39666665
0.4033333
0.45999998
0.46999997
0.43333334
0.4133333
0.47333333
0.42333335
0.3866667
0.37666667
0.44666666
0.46000004
0.43666667
0.39333335
0.4066667
0.47666666
0.40666667
0.42666665
0.40333334
0.39333335
0.38666666
0.43333334
0.46666667
0.44
0.44666666
0.48333335
0.42000002
0.42333335
0.45333332
0.4
0.38666666
0.49333334
0.47000003
0.48
0.39
0.43
0.43666667
0.49666667
0.38
0.45333332
0.45666665
0.46000004
0.4
0.46666667
0.45333332
0.45
0.46666664
0.44
0.4666667
0.4666667
0.45
0.45666668
0.48999998
0.5366667
0.43333334
0.50333333
0.45666668
0.38333336
0.43333334
0.39333332
0.44333333
0.4766667
0.50333333
0.42666668
0.49666667
0.4166667
0.43333334
0.47333333
0.45333335
0.48333332
0.47666666
0.52
0.47
0.41333333
0.45666668
0.48333335
0.43666667
0.47
0.4933333
0.42666668
0.35333335
0.38333336
0.35666668
0.39333335
0.4633333
0.4
0.43333334
0.4466667
0.44666666
0.42333332
0.42000002
0.40333334
0.46666667
0.39000002
0.39999998
0.42999998
0.48666665
0.43666667
0.39666668
0.31666666
0.49666667
0.44
0.46333334
0.39999998
0.41
0.44666666
0.44333333
0.4766667
0.43
0.43666667
0.44
0.43333334
0.43333334
0.4
0.43333337
0.45666665
0.41
0.43
0.49333334
0.36
0.42000002
0.45666668
0.45666668
0.52000004
0.43666667
0.41333333
0.39333332
0.40999997
0.33333334
0.48
0.44333333
0.39666665
0.49
0.5366667
0.42
0.5
0.41666666
0.33666667
0.34
0.42666668
0.41666666
0.38
0.4
0.4366667
0.45
0.44333333
0.44333333
0.53999996
0.4766667
0.45
0.53
0.41333333
0.44333333
0.43333334
0.41333333
0.43
0.45999998
0.40666667
0.45000002
0.4633333
0.46666664
0.4733333
0.48333335
0.53000003
0.43666664
0.45
0.43333334
0.45999998
0.38333333
0.42666668
0.41666666
0.37333333
0.43666667
0.46666667
0.44
0.4666667
0.4666667
0.5233334
0.46333334
0.4333333
0.43666667
0.35666665
0.48333335
0.43333334
0.53333336
0.41
0.45
0.49
0.47333333
0.3766667
0.39666668
0.46666667
0.49
0.45
0.4166667
0.42000002
0.4766667
0.41000003
0.42
0.44333333
0.4066667
0.45999998
0.5233333
0.39333335
0.46666667
0.44333333
0.40333337
0.49
0.49
0.42333332
0.56000006
0.38333333
0.48666668
0.44333333
0.47
0.36666667
0.53000003
0.51
0.53333336
0.41333333
0.39000002
0.44000003
0.49333334
0.38
0.37666667
0.40666667
0.41666666
0.44
0.45000002
0.45333332
0.51
0.39
0.46999997
0.50666666
0.39
0.43666667
0.42000002
0.46333334
0.44666666
0.4066667
0.42333335
0.45666665
0.39666668
0.45333335
0.39666668
0.45666665
0.45999998
0.50666666
0.46666667
0.46999997
0.46666667
0.45333332
0.44666666
0.41666663
0.48666665
0.48
0.46333334
0.43999997
0.49
0.43333334
0.38666666
0.42333332
0.48000002
0.49333334
0.45000002
0.42
0.5566667
0.43
0.4933333
0.5133334
0.44666666
0.44333336
0.52
0.48333332
0.47999996
0.43
0.50666666
0.50333333
0.42333332
0.38666666
0.48000002
0.51666665
0.49999997
0.38
0.53666663
0.41666666
0.3766667
0.46999997
0.47333333
0.46333337
0.46333334
0.45666665
0.48999998
0.43666667
0.45
0.47
0.50666666
0.52
0.4166667
0.51
0.40333334
0.39000002
0.41333336
0.50666666
0.41
0.48999998
0.4766667
0.41333333
0.46999997
0.39
0.5233333
0.49333334
0.43666667
0.39666668
0.53333336
0.48666668
0.48
0.51666665
0.33666667
0.46666667
0.46999997
0.50333333
0.44333333
0.41000003
0.44
0.46333334
0.62666667
0.5233334
0.53333336
0.45
0.42666665
0.46333334
0.44
0.44333333
0.47
0.40333334
0.51
0.43333334
0.38333333
0.44
0.48
0.4
0.43333334
0.4
0.41333336
0.35666665
0.44333333
0.42333335
0.48333332
0.39333335
0.44666666
0.42333335
0.3966667
0.43666667
0.43999997
0.46666667
0.43
0.45333332
0.46666664
0.5
0.49666667
0.40333334
0.40333337
0.46333334
0.47
0.5366667
0.44666666
0.5
0.37
0.41333333
0.39666668
0.56666666
0.49
0.44
0.42333335
0.49333334
0.41
0.53333336
0.40333334
0.4033333
0.52000004
0.39
0.42333335
0.49666667
0.43333334
0.39666668
0.43333334
0.38333336
0.52666664
0.48666668
0.5
0.45000002
0.43
0.43
0.5233333
0.46666664
0.5133333
0.40666667
0.48999998
0.52
0.45000002
0.45999998
0.48333335
0.47
0.47333333
0.45666668
0.5466667
0.44666666
0.50333333
0.52
0.43
0.44666666
0.37333333
0.49
0.5533333
0.42333335
0.40999997
0.45666665
0.51666665
0.50333333
0.4033333
0.47666666
0.47333336
0.43
0.47333336
0.38666666
0.45333338
0.47333336
0.4733333
0.42666668
0.57
0.44666666
0.43666667
0.5
0.5133333
0.46000004
0.43666667
0.4633333
0.4633333
0.44
0.5433333
0.47000003
0.51
0.51
0.46333334
0.46333334
0.5
0.39999998
0.49666667
0.35333335
0.52
0.43666667
0.50666666
0.49333334
0.44333336
0.55333334
0.45
0.53000003
0.51
0.60333335
0.49333334
0.42
0.44333333
0.52
0.52
0.40333334
0.53999996
0.46333334
0.42333335
0.34666666
0.5
0.44333333
0.42
0.45
0.44666666
0.46
0.45333332
0.5633333
0.45333332
0.45333335
0.5566667
0.45333332
0.41000003
0.50333333
0.42333332
0.5466667
0.51
0.5233333
0.41000003
0.40333334
0.44333333
0.45
0.44
0.46333337
0.43
0.53666663
0.35333335
0.4766667
0.45999998
0.5366667
0.5
0.45333332
0.35666668
0.45999998
0.56999993
0.37
0.41333333
0.51
0.49
0.43666667
0.44666666
0.46333334
0.42000002
0.43
0.54
0.48333335
0.46
0.38666666
0.45333335
0.53999996
0.4633333
0.52666664
0.47333336
0.56
0.50666666
0.41000003
0.41333336
0.46333334
0.42333335
0.48999998
0.49
0.43666667
0.46
0.45000002
0.47333333
0.45666665
0.4933333
0.39666665
0.44333336
0.42333332
0.41
0.45
0.46000004
0.38
0.46666667
0.5333333
0.53999996
0.5
0.40666667
0.47333333
0.46666667
0.50333333
0.5
0.50333333
0.53
0.51666665
0.47666666
0.44333333
0.43333334
0.4633333
0.45333332
0.45
0.50333333
0.48666668
0.42000002
0.51
0.55
0.48000002
0.48
0.45666668
0.52
0.45000002
0.5
0.42
0.47333336
0.40999997
0.43
0.40333334
0.52
0.5333333
0.4
0.47333336
0.40666667
0.4066667
0.48666665
0.45999998
0.52
0.45666668
0.50666666
0.40333334
0.46
0.4633333
0.42333335
0.49666664
0.45
0.42333335
0.5
0.53999996
0.41666666
0.57666665
0.49333334
0.4066667
0.50666666
0.43333334
0.46999997
0.43666667
0.44000003
0.48000002
0.41
0.5
0.40333337
0.43333334
0.56333333
0.5233333
0.48
0.48333335
0.4766667
0.47666666
0.42
0.56333333
0.35333332
0.46
0.48000002
0.4766667
0.38333336
0.48666668
0.49666664
0.42999998
0.46666667
0.5333333
0.49666667
0.45
0.46333334
0.48000002
0.36
0.40333337
0.4666667
0.44333333
0.44666666
0.49
0.48666668
0.42000002
0.47
0.5966667
0.48333335
0.49666667
0.51666665
0.45
0.45
0.44333333
0.42
0.54
0.39333335
0.49333334
0.46
0.45
0.48666665
0.50333333
0.42666665
0.58000004
0.42000002
0.44333333
0.45999998
0.41333333
0.44333333
0.44333333
0.47666666
0.45000002
0.58
0.5
0.5233333
0.51
0.49
0.48000002
0.44
0.42000002
0.5
0.53333336
0.42333335
0.45999998
0.52666664
0.56666666
0.52
0.51
0.52
0.40333337
0.45
0.46333334
0.46333334
0.45333335
0.47666666
0.45666665
0.5
0.54999995
0.49333334
0.56333333
0.5333333
0.5133333
0.49
0.49999997
0.44333333
0.45333335
0.37666667
0.5
0.43
0.52666664
0.42000002
0.44
0.42000002
0.45000002
0.46333337
0.43333334
0.43666667
0.49
0.47
0.5366667
0.42666668
0.43666667
0.40000004
0.37333333
0.48999998
0.50333333
0.41333336
0.5133333
0.46333337
0.56333333
0.52
0.4633333
0.47333336
0.42000002
0.42666668
0.52000004
0.44
0.53999996
0.48000002
0.45
0.56666666
0.44333336
0.45333332
0.49
0.45333332
0.5233333
0.44333333
0.47666666
0.41333333
0.4766667
0.38333333
0.48666665
0.5133333
0.51666665
0.47666663
0.45999998
0.49666667
0.44333333
0.33666664
0.45999998
0.38
0.47
0.48333335
0.50666666
0.33666664
0.43333334
0.45
0.46000004
0.48000002
0.4633333
0.4933333
0.41
0.48000002
0.55
0.5433333
0.4766667
0.48666665
0.44333333
0.41000003
0.5
0.56333333
0.49333334
0.4666667
0.43333334
0.5233333
0.49666667
0.53000003
0.5566666
0.54
0.36
0.4566667
0.50666666
0.4
0.48
0.4633333
0.46
0.54999995
0.48000002
0.48666665
0.45333332
0.48000002
0.44
0.52000004
0.4166667
0.4633333
0.44
0.47
0.42666665
0.49
0.49666667
0.5133333
0.55
0.5066667
0.5
0.42666665
0.4033333
0.46666667
0.44
0.48666665
0.46
0.47000003
0.49333334
0.49666667
0.5833334
0.50666666
0.51
0.42333332
0.42
0.4466667
0.5233333
0.48666668
0.5133333
0.38333333
0.42
0.45666668
0.42666668
0.5233333
0.39666665
0.44333336
0.46999997
0.42999998
0.47000003
0.44
0.45333335
0.44
0.4766667
0.41
0.52666664
0.49
0.54333335
0.49333334
0.48333335
0.36
0.51666665
0.41333336
0.44
0.5733334
0.45333332
0.4466667
0.5233333
0.49333334
0.49666667
0.55333334
0.57
0.5133333
0.5433333
0.53000003
0.47000003
0.48333332
0.43
0.51
0.53
0.47333336
0.54999995
0.5233333
0.50666666
0.47
0.43666667
0.39333332
0.55333334
0.56
0.54333335
0.47333333
0.49666667
0.48333335
0.57
0.44
0.53666663
0.39333332
0.48
0.45
0.46
0.48666668
0.45000002
0.43333334
0.45333335
0.51666665
0.52
0.46
0.44333336
0.44333333
0.44000003
0.4
0.49666667
0.55333334
0.55333334
0.49333334
0.45666668
0.49666667
0.5133333
0.6166667
0.42333335
0.47333333
0.52666664
0.42666668
0.44333333
0.5233334
0.4633333
0.48666665
0.42333335
0.53666663
0.48666668
0.43999997
0.62333333
0.48333335
0.5233333
0.50333333
0.50666666
0.43666667
0.48333335
0.48
0.58666664
0.41666666
0.45
0.41333333
0.46333334
0.40666667
0.5
0.39333335
0.53
0.49666667
0.46666667
0.49333334
0.42666665
0.45666668
0.5133333
0.48999998
0.56
0.4666667
0.46333334
0.47666666
0.50333333
0.5333333
0.44666666
0.5866667
0.43333334
0.56
0.46
0.48666665
0.47333333
0.46666667
0.43666667
0.51666665
0.40666667
0.5
0.43
0.5166667
0.43666667
0.45999998
0.57666665
0.57
0.48999998
0.45666665
0.45333335
0.49333334
0.5133333
0.44
0.48999998
0.42666665
0.49
0.57
0.57
0.4466667
0.5433333
0.48000002
0.42
0.5133333
0.43333334
0.4466667
0.48333332
0.52666664
0.4633333
0.5233333
0.43333337
0.44
0.53666663
0.5733333
0.51
0.48333335
0.41666666
0.50333333
0.44
0.52666664
0.45666668
0.45
0.44333333
0.53
0.5466667
0.42666665
0.49666667
0.42
0.41333333
0.5
0.45666665
0.47333336
0.51666665
0.41666666
0.4466667
0.51666665
0.53333336
0.45333332
0.53333336
0.48666665
0.49999997
0.52
0.49666667
0.53666663
0.52666664
0.48666665
0.5
0.5433333
0.43333334
0.54333335
0.5
0.54
0.46
0.54
0.46666664
0.48333335
0.47
0.62
0.43333334
0.48000002
0.55333334
0.4466667
0.49666667
0.40666667
0.50666666
0.56666666
0.45666668
0.45666668
0.47
0.48333335
0.55333334
0.37
0.52
0.45000002
0.56333333
0.46333334
0.49
0.52000004
0.55333334
0.50333333
0.46666667
0.5466667
0.48333335
0.5233334
0.47
0.42
0.5433333
0.50333333
0.5266667
0.5133333
0.49
0.45666665
0.47000003
0.43
0.49
0.52666664
0.44666666
0.57666665
0.5233333
0.52666664
0.48666668
0.48333332
0.36666667
0.62666667
0.45999998
0.43333334
0.48666665
0.42666668
0.57
0.51
0.5133333
0.51
0.49
0.50333333
0.47
0.49333334
0.44333336
0.42666668
0.49333334
0.46666664
0.52666664
0.46999997
0.5233334
0.48333335
0.44333336
0.45333332
0.53666663
0.4666667
0.48333335
0.54333335
0.55333334
0.53666663
0.56666666
0.46
0.5333333
0.45
0.50333333
0.65999997
0.50333333
0.57
0.43
0.41
0.49666667
0.52666664
0.41666666
0.55
0.51
0.47666666
0.45666668
0.47333336
0.4733333
0.53000003
0.4966667
0.45333335
0.54
0.49
0.50333333
0.48666665
0.51666665
0.44333333
0.49
0.49333334
0.51
0.5566667
0.46333334
0.52
0.52666664
0.44666666
0.4866667
0.49666664
0.4666667
0.52
0.50333333
0.55
0.42666668
0.56
0.47333336
0.48333332
0.47
0.5133333
0.48999998
0.49
0.5466667
0.40333334
0.50666666
0.47
0.5533333
0.51
0.50333333
0.47666663
0.45333332
0.46999997
0.50666666
0.53
0.55333334
0.52666664
0.39666665
0.48
0.48333332
0.57666665
0.43666667
0.52666664
0.5
0.5233334
0.5
0.5133333
0.44666666
0.5733333
0.51
0.5133333
0.51
0.47666663
0.48000002
0.5966667
0.50333333
0.48000002
0.47
0.50333333
0.49666667
0.51666665
0.50666666
0.5466667
0.49333334
0.53
0.50000006
0.50666666
0.5333333
0.5233333
0.59666663
0.47333333
0.51666665
0.49333334
0.49666667
0.45
0.52
0.52666664
0.60333335
0.48000002
0.5
0.5833333
0.54
0.47666666
0.4633333
0.48666668
0.5
0.43666667
0.5
0.46333334
0.54
0.55
0.47
0.43
0.47666666
0.53
0.5233334
0.4766667
0.52
0.49333334
0.48666668
0.57000005
0.41666666
0.49
0.5133333
0.39
0.58
0.48666668
0.61
0.50666666
0.5133333
0.45999998
0.44666666
0.5466667
0.49
0.5
0.48666668
0.5333333
0.5
0.49333334
0.58000004
0.62333333
0.54
0.45333332
0.49666667
0.61
0.5133333
0.38
0.52
0.40666667
0.40333337
0.45666668
0.50666666
0.49
0.49666667
0.44333333
0.48333335
0.5
0.43666667
0.43
0.5166667
0.49333334
0.53999996
0.5
0.50333333
0.5766667
0.5133334
0.5133333
0.5333333
0.41333333
0.48333335
0.47000003
0.49
0.4666667
0.58
0.4466667
0.5766667
0.49333334
0.51666665
0.4666667
0.5
0.5133333
0.4933333
0.45333332
0.58
0.46333334
0.5
0.5
0.45333332
0.5533333
0.55
0.56666666
0.5366667
0.5833334
0.52
0.46333334
0.50333333
0.54999995
0.56333333
0.47
0.55333334
0.52
0.45333335
0.4566667
0.4766667
0.6033333
0.55
0.48333335
0.41333336
0.48666668
0.50666666
0.54999995
0.47333333
0.5333333
0.47666663
0.6
0.48666665
0.51
0.5333333
0.5333333
0.56
0.48000002
0.5533333
0.65
0.5866667
0.4933333
0.55
0.50666666
0.45666668
0.48666668
0.44666666
0.49666667
0.5133333
0.62333333
0.59333336
0.43666667
0.4066667
0.46
0.59333336
0.56333333
0.50666666
0.46666667
0.53
0.46666667
0.5
0.5233333
0.53
0.51666665
0.48333332
0.43333334
0.50666666
0.62666667
0.49333334
0.49999997
0.48333335
0.49333334
0.41333333
0.54333335
0.42333332
0.41666666
0.44666666
0.45
0.40666667
0.53666663
0.43333334
0.5833333
0.45333332
0.51
0.47333333
0.53000003
0.4666667
0.51
0.48333335
0.42333335
0.55
0.47333336
0.50333333
0.43333334
0.5833334
0.55
0.49333334
0.45333332
0.5266667
0.52
0.49666667
0.45
0.54
0.6
0.48333332
0.48000002
0.5500001
0.46666667
0.5966667
0.53
0.39666668
0.5133333
0.48000002
0.55
0.48
0.56
0.52666664
0.54333335
0.63666666
0.43666667
0.50666666
0.48333335
0.44
0.56666666
0.46666664
0.54333335
0.54333335
0.41
0.49333334
0.54333335
0.51666665
0.46666667
0.5433333
0.44000003
0.5566667
0.48000002
0.6
0.52000004
0.5266667
0.5566667
0.51666665
0.5
0.43
0.5233333
0.62666667
0.48000002
0.5066667
0.61
0.41
0.45666668
0.49333334
0.47000003
0.4666667
0.5233333
0.46
0.4566667
0.51
0.51666665
0.45333335
0.45999998
0.56333333
0.48000002
0.5266667
0.5566667
0.48
0.51666665
0.5733333
0.53666663
0.53
0.46
0.60333335
0.40333334
0.49666667
0.45000002
0.50333333
0.48333332
0.5133333
0.5233333
0.47333333
0.52
0.53666663
0.44000003
0.50333333
0.54333335
0.4933333
0.47
0.5166667
0.5266667
0.52666664
0.44666666
0.55333334
0.5233333
0.51
0.44
0.53666663
0.49666667
0.46333337
0.5733333
0.52666664
0.5
0.57000005
0.53666663
0.5
0.5233333
0.55333334
0.48000002
0.57
0.4566667
0.58000004
0.5833333
0.50666666
0.51
0.53000003
0.55
0.52
0.45333335
0.49
0.56666666
0.5133333
0.51
0.5066667
0.47666666
0.47
0.44666666
0.48333335
0.49666667
0.49333334
0.47333336
0.47
0.50333333
0.5266667
0.5966667
0.5
0.53999996
0.5266667
0.49
0.53333336
0.5
0.50666666
0.45
0.5333333
0.60333335
0.52666664
0.44666666
0.48666668
0.48
0.47333333
0.46666667
0.48999998
0.53333336
0.55
0.59333336
0.55
0.46666667
0.49666667
0.5533333
0.5833333
0.44333333
0.5933333
0.5
0.47666666
0.5366667
0.63666666
0.54333335
0.65
0.45333335
0.53000003
0.54999995
0.5
0.5133334
0.51
0.5466667
0.55
0.55999994
0.43
0.45999998
0.47666666
0.5133333
0.57
0.54
0.47333336
0.46333334
0.4766667
0.59333336
0.44333333
0.50666666
0.45333332
0.48666668
0.55
0.5966667
0.53
0.48666668
0.61999995
0.4633333
0.59333336
0.56
0.42666668
0.5333333
0.48999998
0.55
0.50666666
0.44666666
0.46
0.5133333
0.54999995
0.39666668
0.55333334
0.44
0.49666667
0.5333333
0.52000004
0.5266667
0.53666663
0.5266667
0.59
0.61
0.5833333
0.47
0.49333334
0.57000005
0.47
0.53666663
0.62333333
0.5366667
0.56
0.49
0.50666666
0.5
0.52
0.5566667
0.5866667
0.6
0.5633334
0.57
0.55
0.44666666
0.44333333
0.45666665
0.48
0.5833333
0.53999996
0.58666664
0.5833333
0.48666668
0.44
0.5566667
0.59000003
0.5
0.51666665
0.49
0.56999993
0.42333335
0.49333334
0.53
0.55
0.52666664
0.47333333
0.55333334
0.52666664
0.5933333
0.49666667
0.51666665
0.53000003
0.47666666
0.55
0.56
0.43666667
0.61333334
0.5566667
0.44
0.43333334
0.63
0.59000003
0.57
0.5433333
0.5233333
0.52666664
0.50666666
0.69
0.59666663
0.48666662
0.53666663
0.4766667
0.53333336
0.49
0.47
0.53666663
0.4766667
0.45999998
0.52666664
0.59000003
0.53
0.5133333
0.53
0.57
0.51666665
0.53
0.55333334
0.59666663
0.47333333
0.50333333
0.6066667
0.48
0.5433333
0.52
0.57666665
0.4333333
0.5333333
0.5333333
0.48666665
0.50333333
0.54
0.46666667
0.48
0.47666666
0.5233333
0.48333335
0.53
0.5933333
0.54
0.5833334
0.63666666
0.49666667
0.46666667
0.56333333
0.5433333
0.60333335
0.5466667
0.5333333
0.54999995
0.55333334
0.54
0.48666662
0.5733333
0.5
0.51
0.58
0.52666664
0.54333335
0.5566667
0.55
0.59000003
0.54999995
0.57666665
0.52666664
0.53
0.45333332
0.44333333
0.54333335
0.48333335
0.5466666
0.59999996
0.57666665
0.5566667
0.5433333
0.5
0.5833334
0.55333334
0.57666665
0.54333335
0.5333333
0.5466666
0.48333335
0.64
0.52666664
0.53
0.52
0.5466667
0.64000005
0.56333333
0.44
0.50666666
0.62
0.5233333
0.51666665
0.48666665
0.52
0.4166667
0.51
0.5266667
0.5333333
0.48333335
0.40666664
0.5733333
0.50666666
0.54333335
0.5366667
0.45666668
0.48000002
0.56
0.47333333
0.42666665
0.45333332
0.62333333
0.54999995
0.53999996
0.41333333
0.58
0.41333336
0.54
0.43333334
0.50666666
0.5133333
0.56333333
0.62
0.59000003
0.58000004
0.47
0.55
0.54999995
0.49666667
0.53000003
0.53999996
0.6733333
0.53
0.4733333
0.47000003
0.48666668
0.50666666
0.53
0.50333333
0.61333334
0.49666667
0.51666665
0.57
0.5233333
0.5566667
0.49333334
0.56333333
0.61
0.48666668
0.48333332
0.4933333
0.5533333
0.5566667
0.5433333
0.4933333
0.42000002
0.5133333
0.5733333
0.56333333
0.53333336
0.5566667
0.58666664
0.51
0.58666664
0.56666666
0.49666667
0.43666667
0.56666666
0.48333335
0.53999996
0.47333336
0.5466667
0.55
0.40666667
0.59999996
0.55999994
0.55333334
0.5
0.55333334
0.56
0.5233333
0.48333332
0.47666666
0.4766667
0.51
0.53000003
0.44333336
0.54333335
0.51
0.48666668
0.5
0.56
0.50333333
0.5233333
0.53000003
0.51
0.56
0.5233333
0.59999996
0.56333333
0.6166666
0.55333334
0.49333334
0.48666665
0.45666668
0.49
0.57666665
0.46666667
0.6333333
0.44666666
0.44
0.55
0.47333333
0.5133333
0.44
0.44
0.45333332
0.59666663
0.48999998
0.5833334
0.55333334
0.46
0.45333335
0.67
0.57666665
0.46
0.48666668
0.5133333
0.4666667
0.52666664
0.6
0.55
0.52
0.55
0.5133333
0.47
0.47000003
0.54333335
0.50666666
0.5233333
0.6
0.51
0.59999996
0.52666664
0.45999998
0.5366667
0.55333334
0.49
0.45666665
0.5733333
0.53666663
0.45999998
0.5833333
0.47333333
0.5233333
0.45666668
0.5
0.51666665
0.5566667
0.56333333
0.56333333
0.58
0.50333333
0.45666668
0.5733333
0.45333332
0.5533333
0.49999997
0.62666667
0.61
0.56
0.5066667
0.50666666
0.4666667
0.5466666
0.48666668
0.58
0.45333332
0.55
0.47000003
0.60333335
0.55333334
0.52666664
0.4633333
0.5133334
0.58
0.55333334
0.5166667
0.55
0.53
0.50333333
0.5166667
0.53666663
0.58
0.53666663
0.55
0.53000003
0.50333333
0.5733333
0.53333336
0.56333333
0.5733333
0.57
0.51
0.5233333
0.5
0.4833333
0.47666666
0.47333333
0.5333333
0.5566666
0.5733334
0.5566667
0.56666666
0.48666665
0.54999995
0.58666664
0.48666668
0.52000004
0.5133333
0.5833333
0.5133333
0.44
0.60333335
0.6066667
0.54333335
0.46666664
0.5133334
0.54333335
0.47
0.48000002
0.5333333
0.56666666
0.5966667
0.48333335
0.48
0.57666665
0.5933333
0.49666667
0.59333336
0.5533333
0.52000004
0.5633334
0.5466667
0.47666666
0.56
0.58000004
0.54
0.4733333
0.6066667
0.55
0.45999998
0.57666665
0.5133333
0.52
0.48333335
0.54999995
0.46666667
0.49666667
0.6666666
0.50333333
0.53666663
0.5566667
0.56
0.61
0.49666667
0.55333334
0.5866667
0.47333333
0.49666667
0.56333333
0.46
0.56333333
0.56666666
0.60333335
0.5
0.5333333
0.56666666
0.5433333
0.52
0.53000003
0.53000003
0.5333333
0.48000002
0.61
0.50666666
0.5566667
0.55333334
0.48000002
0.48333332
0.56
0.56
0.45333332
0.53000003
0.62666667
0.49
0.57666665
0.48
0.4766667
0.48
0.53
0.61
0.53333336
0.56666666
0.5566667
0.48000005
0.44333333
0.57666665
0.5833334
0.57
0.5266667
0.55333334
0.53000003
0.53
0.52
0.5366667
0.5233334
0.62
0.58
0.61333334
0.5466667
0.5466667
0.5833333
0.61333334
0.55333334
0.6166667
0.6
0.56
0.5466667
0.5466667
0.42
0.42333335
0.6
0.62
0.55333334
0.59333336
0.5433333
0.55
0.55333334
0.5933333
0.46666667
0.53
0.53999996
0.5333333
0.56
0.6066667
0.49
0.53333336
0.56
0.6433333
0.56333333
0.52666664
0.5433333
0.51666665
0.4766667
0.56
0.52666664
0.47666666
0.51666665
0.53333336
0.5133333
0.48666668
0.54333335
0.5966667
0.54999995
0.48333332
0.56
0.65
0.58000004
0.5366667
0.4766667
0.61
0.55333334
0.60333335
0.48000002
0.52666664
0.55333334
0.65999997
0.59333336
0.5866667
0.6066667
0.47666666
0.55333334
0.62333333
0.51666665
0.52666664
0.54999995
0.62666667
0.56000006
0.49
0.47
0.56666666
0.5366667
0.54
0.56333333
0.51666665
0.53
0.59333336
0.46666667
0.52666664
0.47666666
0.5466667
0.51
0.55333334
0.5233334
0.50666666
0.5266667
0.57666665
0.5766667
0.59333336
0.54999995
0.53000003
0.5133334
0.49666667
0.53999996
0.56333333
0.5433333
0.48
0.61333334
0.44333333
0.45
0.47333333
0.54
0.45333332
0.5333333
0.65
0.51666665
0.48000002
0.52666664
0.61
0.62666667
0.5233333
0.58666664
0.58000004
0.53
0.54
0.55333334
0.54
0.48000002
0.57
0.4466667
0.53000003
0.52
0.48666668
0.59333336
0.59000003
0.54333335
0.61333334
0.55333334
0.53999996
0.4466667
0.51
0.50666666
0.55333334
0.53333336
0.53666663
0.5466666
0.42333335
0.56
0.51
0.56666666
0.52666664
0.49333334
0.49
0.48666665
0.53333336
0.45
0.6
0.54
0.47666666
0.5233333
0.5733333
0.6666666
0.5233334
0.5866667
0.5366667
0.6066667
0.5733334
0.6
0.56
0.6
0.47333333
0.43
0.5233333
0.55333334
0.63
0.5466666
0.5133333
0.55
0.6433333
0.5433333
0.55333334
0.51666665
0.48000002
0.47
0.57
0.48333332
0.5466667
0.54333335
0.4566667
0.4766667
0.55
0.6766667
0.5533334
0.45666665
0.53000003
0.56
0.48333332
0.47666666
0.5066667
0.5466667
0.6533333
0.39666665
0.44
0.5866667
0.53
0.5466667
0.4766667
0.58
0.5133333
0.53
0.4733333
0.5433333
0.5233334
0.48666668
0.5133333
0.48666665
0.42333335
0.51
0.44333333
0.5733333
0.51
0.49
0.47333336
0.56666666
0.52666664
0.46666667
0.56
0.59999996
0.49333334
0.63666666
0.56
0.56
0.48666668
0.57666665
0.58
0.54
0.64
0.57666665
0.59333336
0.50666666
0.47333336
0.53666663
0.50333333
0.54
0.5733333
0.49000004
0.56
0.57
0.53000003
0.47333336
0.5833334
0.6
0.53
0.47333336
0.5666667
0.52666664
0.5233333
0.57
0.54333335
0.59333336
0.53000003
0.54999995
0.5733333
0.6066667
0.54333335
0.53999996
0.5433333
0.53333336
0.59
0.56666666
0.61
0.56
0.52
0.56
0.54333335
0.58
0.48000002
0.51
0.61333334
0.53333336
0.5566667
0.5366667
0.56333333
0.63
0.5133333
0.53999996
0.48000002
0.56333333
0.61
0.53
0.5466667
0.54
0.5133333
0.56666666
0.55999994
0.6066667
0.58
0.48333335
0.47333333
0.50666666
0.55333334
0.55
0.53999996
0.63666666
0.6433333
0.49666667
0.5633334
0.5133334
0.5366667
0.6
0.62333333
0.57
0.5233333
0.5233333
0.50333333
0.61
0.52666664
0.59
0.56666666
0.57666665
0.49666667
0.5133333
0.5966667
0.6066667
0.5133333
0.50666666
0.56
0.5833334
0.49333334
0.49333337
0.50666666
0.47666666
0.5733333
0.52666664
0.5
0.5733333
0.5533333
0.6
0.5966667
0.55333334
0.5266667
0.53666663
0.54999995
0.49666667
0.48000002
0.56
0.6333333
0.51
0.5233333
0.55333334
0.59333336
0.48333335
0.53666663
0.5833333
0.6066667
0.52
0.48
0.56333333
0.43333334
0.5233334
0.47333333
0.5833333
0.57
0.53999996
0.5466666
0.59333336
0.55333334
0.63666666
0.53999996
0.61
0.5966667
0.6066667
0.55
0.50333333
0.59
0.5566667
0.5566667
0.44666666
0.5233333
0.47333336
0.56
0.53666663
0.48
0.56666666
0.54999995
0.51
0.53666663
0.5066667
0.59666663
0.5833334
0.56666666
0.50333333
0.48333332
0.50666666
0.50666666
0.56333333
0.54
0.57000005
0.57666665
0.55333334
0.6066667
0.52666664
0.45
0.52
0.5833334
0.52
0.57
0.54
0.50666666
0.47333336
0.59
0.52
0.5433333
0.46333334
0.5633334
0.61333334
0.59666663
0.5866667
0.47666666
0.50333333
0.60333335
0.6
0.5566667
0.51666665
0.5633333
0.46666667
0.4766667
0.55
0.5966667
0.5833334
0.5466667
0.63666666
0.4
0.5733333
0.45999998
0.54999995
0.56000006
0.51
0.6166667
0.5333333
0.54333335
0.50333333
0.5966667
0.53
0.62
0.52
0.50666666
0.55
0.6066667
0.6066667
0.64000005
0.59
0.44
0.53
0.56
0.47
0.60333335
0.5233334
0.49333334
0.6166667
0.51000005
0.62
0.57000005
0.57
0.5366667
0.56
0.5466666
0.48666668
0.59999996
0.62333333
0.5733333
0.6
0.5566667
0.53999996
0.56
0.5033334
0.55
0.52666664
0.57
0.52
0.53000003
0.55333334
0.58
0.51
0.6166667
0.5166667
0.50666666
0.51666665
0.62666667
0.55
0.6066667
0.53666663
0.53000003
0.59
0.5566667
0.54333335
0.50666666
0.47333333
0.61
0.56333333
0.49333334
0.54333335
0.58666664
0.59333336
0.5466667
0.47666666
0.58
0.61
0.5566666
0.55
0.55333334
0.56333333
0.49666667
0.53333336
0.48333335
0.52
0.5866667
0.45666668
0.57
0.6
0.52666664
0.56
0.55
0.55333334
0.5566667
0.5733333
0.54333335
0.60333335
0.51
0.5966667
0.50666666
0.52
0.50333333
0.49666667
0.5366667
0.54333335
0.45333335
0.57
0.6433333
0.56666666
0.56333333
0.61333334
0.6
0.61
0.53999996
0.54333335
0.5333333
0.4666667
0.4933333
0.52
0.5566667
0.47333333
0.53999996
0.59
0.6066667
0.57666665
0.58
0.62333333
0.51
0.5566667
0.45
0.62666667
0.4666667
0.56000006
0.6
0.5
0.46666667
0.47333336
0.57
0.56333333
0.57
0.5566666
0.61
0.53
0.51666665
0.46666667
0.50333333
0.52666664
0.54
0.53666663
0.59
0.5933333
0.58
0.55333334
0.48666665
0.46666667
0.6
0.53333336
0.5466666
0.51666665
0.47
0.51
0.53666663
0.5666667
0.53999996
0.57000005
0.53999996
0.44
0.59333336
0.5566667
0.55
0.5433333
0.50666666
0.5466667
0.5833333
0.61
0.60333335
0.5333333
0.59000003
0.6166667
0.5133333
0.6
0.44666666
0.55666673
0.55
0.5866667
0.55
0.5566667
0.5466667
0.61333334
0.48333332
0.46333334
0.5133333
0.5966667
0.56
0.58
0.64
0.6166667
0.5466667
0.5766667
0.52
0.53999996
0.6166667
0.59333336
0.53333336
0.5833334
0.53999996
0.5466666
0.6066667
0.53
0.56
0.5733333
0.6333333
0.51666665
0.46333334
0.53000003
0.51
0.5
0.56333333
0.54
0.61
0.60333335
0.55
0.54
0.53999996
0.59333336
0.52
0.5
0.5266667
0.52666664
0.56333333
0.5366667
0.5
0.48333335
0.51
0.6066667
0.45
0.63666666
0.65666664
0.64
0.44333333
0.53
0.5533333
0.5333333
0.5466667
0.55
0.59
0.56666666
0.49
0.51
0.5
0.4966667
0.50333333
0.49666667
0.5133333
0.5466666
0.6866667
0.5133333
0.49666667
0.53666663
0.50666666
0.67333335
0.5466667
0.51666665
0.5466666
0.5466667
0.53
0.49333334
0.55
0.49333334
0.5333333
0.5966667
0.63
0.62
0.5233333
0.61
0.52
0.63
0.52666664
0.6766666
0.6066666
0.53000003
0.5466666
0.50666666
0.53
0.5833333
0.5466667
0.48000002
0.51666665
0.56333333
0.57
0.5
0.56
0.51666665
0.63666666
0.52000004
0.5566667
0.59666663
0.5366667
0.49
0.51
0.5466666
0.4766667
0.5233333
0.6
0.58000004
0.5733333
0.6166667
0.5133333
0.6
0.50666666
0.5466666
0.58
0.52666664
0.61333334
0.4933333
0.58000004
0.5233333
0.52666664
0.5966667
0.59000003
0.5766667
0.63666666
0.59
0.61333334
0.5966667
0.61333334
0.48333332
0.61333334
0.59333336
0.51666665
0.5766667
0.49333337
0.63
0.5533333
0.5833334
0.50666666
0.51
0.61333334
0.6166667
0.51666665
0.62666667
0.5566667
0.63666666
0.49666667
0.63666666
0.61333334
0.47000003
0.60999995
0.48333332
0.64666665
0.5233333
0.5966667
0.53333336
0.62333333
0.55
0.54333335
0.51666665
0.4933333
0.6333333
0.53
0.6
0.54
0.59000003
0.5566667
0.59333336
0.56666666
0.57000005
0.5833333
0.6066667
0.62
0.48333332
0.54333335
0.44333333
0.5333333
0.64
0.58
0.56
0.59000003
0.53999996
0.52666664
0.5833334
0.48666668
0.48000002
0.47666666
0.50666666
0.5866667
0.6
0.56333333
0.58666664
0.52666664
0.56333333
0.5733333
0.61333334
0.5566666
0.49
0.58666664
0.6333333
0.48666665
0.51
0.53333336
0.49666667
0.53999996
0.5733333
0.51666665
0.5133333
0.48999998
0.58666664
0.62666667
0.5533333
0.5
0.51666665
0.6533333
0.57333326
0.56666666
0.49
0.5833334
0.5566667
0.6
0.43
0.57
0.47333333
0.39666665
0.53999996
0.48333335
0.5366667
0.45666665
0.55
0.5266667
0.5266667
0.5733333
0.51
0.68
0.49666667
0.5433333
0.56
0.56333333
0.61
0.5
0.45999998
0.54999995
0.59333336
0.58666664
0.5566667
0.57666665
0.54999995
0.6
0.61333334
0.61
0.62333333
0.56333333
0.56
0.54333335
0.58
0.6666666
0.57
0.5966667
0.57
0.57
0.5266667
0.5233333
0.5433333
0.5133333
0.5833334
0.51
0.49666664
0.48333335
0.59666663
0.5533333
0.5133333
0.5133333
0.55
0.5566667
0.61333334
0.64
0.5466666
0.50333333
0.5233333
0.59333336
0.5466667
0.5466667
0.63
0.4766667
0.55
0.5733333
0.58666664
0.46666664
0.5366667
0.6
0.5766667
0.6166667
0.5833333
0.59
0.62
0.5333333
0.56000006
0.55333334
0.46333334
0.5666667
0.53
0.50333333
0.61
0.5
0.52
0.55
0.55
0.54999995
0.5566667
0.55333334
0.5866667
0.54333335
0.54333335
0.56
0.61333334
0.53
0.57
0.55333334
0.49333334
0.49666667
0.5266667
0.5466667
0.5633333
0.58
0.5333333
0.56
0.58
0.57000005
0.5833333
0.50333333
0.54999995
0.56333333
0.5966667
0.5733334
0.57
0.58000004
0.56
0.48333335
0.53666663
0.59
0.52666664
0.62333333
0.57666665
0.51
0.67333335
0.53666663
0.6533333
0.56999993
0.54
0.5133333
0.6066667
0.5366667
0.54333335
0.5466666
0.56
0.6466667
0.48333335
0.6533333
0.51666665
0.5566667
0.6333333
0.53000003
0.53666663
0.5566666
0.5733333
0.48000002
0.49666667
0.56666666
0.5866667
0.5966667
0.6833333
0.62666667
0.52666664
0.5833334
0.53
0.46666667
0.5566667
0.59
0.56
0.5466666
0.59
0.5233333
0.58
0.58
0.66333336
0.6
0.5833333
0.50666666
0.5433333
0.56666666
0.46333334
0.5933333
0.59333336
0.5466667
0.46333334
0.52666664
0.5866667
0.56000006
0.56666666
0.56
0.5266667
0.49
0.5566667
0.53000003
0.53666663
0.53666663
0.58
0.52000004
0.5366667
0.62666667
0.5366667
0.55
0.54333335
0.46666667
0.56333333
0.58666664
0.5366667
0.52
0.63666666
0.5
0.56
0.57666665
0.5666667
0.39999998
0.54
0.51
0.5833333
0.56333333
0.5833334
0.53666663
0.57666665
0.4933333
0.5966667
0.57000005
0.5566667
0.5366667
0.6666667
0.62333333
0.55333334
0.57
0.5366667
0.58
0.59333336
0.56
0.55333334
0.5433333
0.5466667
0.5833333
0.5733333
0.64666665
0.54
0.59000003
0.5733333
0.5566667
0.5233334
0.53333336
0.5433333
0.5566666
0.53
0.5833334
0.53999996
0.61
0.55333334
0.57
0.58666664
0.5133333
0.58000004
0.52666664
0.56333333
0.5566667
0.52
0.6166667
0.5
0.5133333
0.51
0.58
0.57666665
0.5466666
0.53
0.5833334
0.5966667
0.60333335
0.6333333
0.56
0.6333333
0.6533333
0.53666663
0.52000004
0.5466667
0.5966667
0.5233334
0.57666665
0.59000003
0.62333333
0.56
0.6533333
0.5266667
0.59333336
0.51666665
0.5766667
0.5866667
0.6733333
0.54333335
0.54333335
0.6066667
0.5533333
0.64666665
0.5833333
0.57000005
0.6433333
0.53999996
0.58
0.50666666
0.51666665
0.5333333
0.65
0.5233333
0.65
0.5733333
0.52666664
0.46333334
0.52
0.6066667
0.6866666
0.45
0.50333333
0.4633333
0.5833334
0.5566667
0.61333334
0.65999997
0.6066666
0.46333334
0.6
0.51666665
0.5833333
0.5833333
0.57
0.5433333
0.6433333
0.55
0.52
0.59333336
0.5133333
0.5833334
0.5133333
0.5566667
0.5466667
0.5366667
0.5833333
0.53
0.52
0.5233334
0.58666664
0.56666666
0.63666666
0.56
0.63000005
0.5433333
0.53999996
0.49999997
0.57666665
0.5966667
0.47666666
0.48666668
0.55333334
0.56
0.50666666
0.56333333
0.65333337
0.5833333
0.5833334
0.6
0.5533333
0.56
0.5366667
0.5966667
0.64666665
0.57666665
0.5733333
0.51
0.56666666
0.59333336
0.56
0.57666665
0.5833334
0.56333333
0.56333333
0.69
0.57666665
0.46333334
0.5833334
0.5333333
0.55333334
0.46
0.5966667
0.41000003
0.5233334
0.49
0.45666668
0.5966667
0.5333333
0.59666663
0.51666665
0.5733333
0.48000002
0.5566667
0.54333335
0.5933333
0.59666663
0.53
0.57666665
0.5733333
0.56666666
0.6166667
0.56333333
0.59333336
0.61
0.5233333
0.58
0.61333334
0.5733333
0.50666666
0.50333333
0.55
0.58000004
0.6033333
0.5733333
0.5466666
0.68666667
0.49
0.62666667
0.5366667
0.51
0.62666667
0.61
0.6766667
0.58666664
0.57666665
0.59333336
0.66333336
0.49333334
0.45999998
0.5733333
0.54333335
0.63
0.56333333
0.5366667
0.5933333
0.4766667
0.56666666
0.53666663
0.59000003
0.56
0.59333336
0.54333335
0.57
0.60333335
0.5766667
0.52666664
0.5433333
0.6
0.5
0.5833333
0.48
0.59
0.5433333
0.66999996
0.6433334
0.6033333
0.5566666
0.46333334
0.61
0.59333336
0.57666665
0.5266667
0.55
0.5466667
0.5566667
0.6166667
0.5366667
0.51666665
0.62333333
0.62333333
0.63666666
0.5566667
0.56333333
0.5233333
0.49666667
0.59
0.56333333
0.51666665
0.5966667
0.56
0.6166667
0.54333335
0.5466666
0.54333335
0.53000003
0.5766667
0.55333334
0.5133333
0.57
0.6433333
0.59333336
0.5533333
0.5666667
0.65666664
0.45333338
0.5566667
0.58000004
0.49
0.54
0.58
0.6533333
0.58666664
0.6333333
0.5666667
0.51666665
0.5433333
0.5
0.51
0.50333333
0.5233333
0.59999996
0.63
0.57666665
0.50666666
0.61
0.52666664
0.6133333
0.54
0.6333333
0.6066666
0.5833334
0.51666665
0.53666663
0.5366667
0.56333333
0.48999998
0.52
0.5466667
0.5133333
0.5833334
0.54999995
0.62333333
0.5566667
0.53
0.51666665
0.48000002
0.5466667
0.53000003
0.5266667
0.5
0.55
0.61
0.49999997
0.5133333
0.55
0.5566667
0.5933333
0.69
0.53333336
0.5733333
0.46
0.59333336
0.61
0.49
0.5133333
0.59333336
0.61333334
0.5966667
0.5233333
0.55
0.5633333
0.56333333
0.4933333
0.66
0.6066667
0.6066667
0.56333333
0.59
0.53666663
0.56000006
0.5566667
0.56333333
0.54
0.63
0.56000006
0.56666666
0.63
0.57000005
0.63666666
0.5833333
0.49666667
0.55333334
0.56666666
0.5733333
0.51666665
0.49666667
0.52
0.62333333
0.52
0.5733333
0.6533333
0.56
0.56
0.48666668
0.57666665
0.52666664
0.50666666
0.53333336
0.5633334
0.6066667
0.47333336
0.48
0.6766667
0.6066667
0.57666665
0.63666666
0.5
0.56
0.62666667
0.6333333
0.56666666
0.57666665
0.58
0.57666665
0.5833333
0.5833334
0.59000003
0.55
0.60333335
0.51
0.59000003
0.57000005
0.55
0.5233334
0.5566667
0.54
0.6666666
0.62333333
0.56
0.5133333
0.59
0.5833333
0.57
0.49
0.5333333
0.5566667
0.55333334
0.56333333
0.6466667
0.68
0.5733333
0.5733333
0.55333334
0.5833334
0.53333336
0.56
0.60333335
0.57666665
0.5833334
0.61
0.5533333
0.53
0.65999997
0.64
0.57
0.58
0.5366667
0.5833334
0.6
0.54
0.52
0.54333335
0.5166667
0.55333334
0.5766667
0.63
0.59000003
0.61333334
0.43666667
0.48666665
0.54333335
0.5733333
0.53
0.6433333
0.64666665
0.5733334
0.51
0.62
0.61
0.49
0.62
0.48000002
0.6333333
0.5833333
0.53666663
0.5833334
0.49000004
0.58
0.63
0.59333336
0.48333332
0.55333334
0.54999995
0.55
0.5466667
0.56666666
0.48666668
0.60333335
0.5466666
0.5533333
0.6066667
0.5366667
0.45
0.55
0.6333333
0.49
0.54333335
0.55333334
0.62666667
0.49
0.62666667
0.57666665
0.65999997
0.5466666
0.55333334
0.65666664
0.56666666
0.6166667
0.61
0.5833334
0.5466667
0.59000003
0.58
0.63
0.51666665
0.54
0.6433334
0.5833333
0.5333333
0.59333336
0.54333335
0.53
0.63
0.55333334
0.62
0.5333333
0.5
0.5133333
0.54
0.53666663
0.6166667
0.54
0.4766667
0.59666663
0.6
0.5133333
0.51666665
0.5366667
0.51666665
0.67999995
0.5966667
0.5333333
0.5366667
0.53000003
0.6166667
0.50666666
0.60333335
0.6033333
0.64
0.5933333
0.69666666
0.5733333
0.51666665
0.59
0.62
0.55333334
0.63
0.58
0.51
0.5466667
0.56333333
0.51
0.53000003
0.5666667
0.55333334
0.5366667
0.6633333
0.59666663
0.50666666
0.5466667
0.5466667
0.5
0.45666668
0.48666668
0.56
0.56666666
0.5733334
0.62333333
0.56333333
0.50666666
0.54333335
0.61333334
0.56999993
0.6633333
0.58
0.62333333
0.6
0.53
0.46666667
0.5866667
0.5133333
0.60333335
0.45666665
0.62
0.68
0.58000004
0.54
0.49333334
0.52666664
0.48333332
0.53000003
0.60333335
0.65
0.6733333
0.49333334
0.4933333
0.56
0.5566667
0.49
0.50666666
0.53666663
0.6433333
0.5733333
0.5466667
0.55333334
0.50333333
0.55666673
0.5766667
0.5833333
0.62333333
0.62666667
0.5233334
0.5666667
0.5566667
0.53666663
0.59
0.58
0.51666665
0.5566666
0.5433333
0.59666663
0.49
0.6066667
0.58
0.54333335
0.5566667
0.59666663
0.5733333
0.6033333
0.55333334
0.5566667
0.46666667
0.57666665
0.5866667
0.4766667
0.57
0.52
0.5733333
0.56
0.53000003
0.62666667
0.59333336
0.48666668
0.6533333
0.62
0.59000003
0.57000005
0.6533333
0.61333334
0.62
0.47666666
0.5666667
0.6
0.55333334
0.5866667
0.55
0.59666663
0.61
0.50333333
0.56
0.5733334
0.63666666
0.61
0.52
0.5733333
0.6
0.6333333
0.5466667
0.5233333
0.66
0.5866667
0.5733333
0.53666663
0.56333333
0.6433333
0.5766667
0.53000003
0.56333333
0.62333333
0.67999995
0.59999996
0.56
0.6066667
0.5466667
0.47666666
0.5866667
0.5833333
0.53
0.5
0.62333333
0.6
0.6166667
0.5466667
0.49666667
0.62
0.59333336
0.60999995
0.5833334
0.6
0.56333333
0.59333336
0.51
0.55333334
0.51666665
0.5233333
0.5833334
0.5933333
0.6466667
0.63
0.59666663
0.65999997
0.62
0.53000003
0.6033333
0.5133333
0.5566667
0.59333336
0.5133333
0.53
0.59000003
0.6166667
0.56333333
0.5566667
0.5866667
0.59333336
0.5566667
0.53333336
0.68666667
0.6433333
0.5466667
0.59000003
0.5966667
0.57666665
0.50333333
0.5966667
0.6066667
0.53
0.73333335
0.6333333
0.51
0.50333333
0.59999996
0.5466667
0.53
0.6066667
0.5466666
0.5566667
0.6166667
0.56666666
0.58666664
0.58000004
0.6166667
0.64
0.5466667
0.5366667
0.59000003
0.53999996
0.48333335
0.6433333
0.5733333
0.57
0.52
0.61
0.50333333
0.6333333
0.5266667
0.5566667
0.5966667
0.56333333
0.5266667
0.5466667
0.6
0.49333334
0.49666667
0.53333336
0.54
0.57
0.50666666
0.59
0.52
0.5233333
0.6066667
0.57
0.5766667
0.50666666
0.63
0.6166667
0.49666667
0.5833334
0.50333333
0.5
0.53666663
0.6066667
0.6066667
0.60333335
0.55333334
0.63666666
0.5733334
0.56666666
0.56333333
0.5466667
0.58000004
0.58
0.59333336
0.5233333
0.59
0.53
0.50333333
0.61333334
0.68
0.57666665
0.61
0.52000004
0.66999996
0.50666666
0.6433333
0.5966667
0.56666666
0.6066667
0.5866667
0.5766667
0.46333334
0.64
0.62999994
0.5866667
0.5933333
0.53333336
0.6633333
0.5966667
0.5366667
0.51
0.5233333
0.59
0.5233333
0.59000003
0.57
0.62
0.61
0.59999996
0.55333334
0.52666664
0.5333333
0.58666664
0.5733333
0.5733333
0.62
0.62666667
0.5133333
0.68
0.56333333
0.5233333
0.49
0.6166667
0.64666665
0.5966667
0.47333333
0.57666665
0.5966667
0.53333336
0.56
0.53333336
0.54
0.51
0.49333334
0.5466667
0.56
0.6666667
0.65
0.51666665
0.59999996
0.63
0.62666667
0.56
0.5433333
0.57666665
0.60333335
0.65666664
0.55333334
0.61
0.64
0.5733333
0.65
0.62666667
0.51666665
0.47000003
0.65999997
0.56666666
0.61
0.64
0.6
0.53333336
0.55333334
0.56666666
0.5766667
0.51
0.5233333
0.62666667
0.71
0.58000004
0.59
0.56
0.62
0.54999995
0.5566667
0.5466667
0.53000003
0.6866667
0.6333333
0.57666665
0.5566667
0.6933333
0.57666665
0.62666667
0.53333336
0.63
0.53
0.68
0.63
0.59000003
0.47
0.6166667
0.52
0.6033333
0.55333334
0.56666666
0.5233333
0.5366667
0.5666667
0.6066667
0.5566667
0.6433333
0.5133333
0.6666666
0.59000003
0.5933333
0.62
0.5266667
0.66
0.58
0.61
0.53333336
0.55333334
0.57
0.56666666
0.48333332
0.5133333
0.56333333
0.6
0.49666667
0.58666664
0.53
0.56
0.6333333
0.51
0.53
0.5933333
0.59
0.57666665
0.64666665
0.51666665
0.5733333
0.5466667
0.56333333
0.56
0.53000003
0.62
0.5733333
0.5966667
0.65999997
0.6
0.58
0.5
0.5866667
0.49666667
0.5833333
0.5333333
0.57666665
0.47333336
0.61
0.49666667
0.56666666
0.5566667
0.57
0.59666663
0.53
0.56666666
0.6166667
0.58
0.50333333
0.5233333
0.5833334
0.5866667
0.50333333
0.55
0.5566667
0.5566667
0.59333336
0.5833334
0.56
0.52
0.55333334
0.48666665
0.6
0.57
0.52666664
0.57
0.55333334
0.59666663
0.55
0.64
0.68666667
0.59000003
0.62333333
0.5466666
0.57
0.5833333
0.56
0.62333333
0.54
0.5733333
0.60333335
0.5566667
0.57
0.5833333
0.53999996
0.6733333
0.57
0.62333333
0.65
0.65
0.54
0.5966667
0.6033333
0.5833333
0.56666666
0.6433333
0.56666666
0.61333334
0.5366667
0.67999995
0.5266667
0.6433333
0.6533333
0.52666664
0.68333334
0.50333333
0.5733334
0.55
0.58
0.60333335
0.53
0.56333333
0.61
0.59000003
0.59666663
0.5866667
0.5733333
0.5933333
0.61333334
0.50333333
0.6066667
0.48333335
0.5566666
0.5466666
0.49
0.5133333
0.5733333
0.59666663
0.51
0.58666664
0.50666666
0.58
0.61333334
0.5133333
0.65333337
0.5966667
0.58000004
0.5466666
0.7
0.53999996
0.5566667
0.55999994
0.56666666
0.57
0.5233333
0.55333334
0.6333333
0.6533333
0.58666664
0.62666667
0.61333334
0.63666666
0.59
0.5666667
0.60333335
0.62666667
0.6433333
0.60333335
0.55333334
0.59333336
0.57
0.6066667
0.54
0.5633333
0.65666664
0.45666668
0.52
0.5766667
0.58000004
0.59333336
0.54333335
0.57666665
0.48333335
0.58
0.5833334
0.5233333
0.5933333
0.57666665
0.5733334
0.58666664
0.5566667
0.5233333
0.5833333
0.5433333
0.61
0.5333333
0.56
0.59000003
0.65
0.61333334
0.57
0.5966667
0.54333335
0.64
0.59000003
0.6333333
0.63
0.51666665
0.6333333
0.5366667
0.62
0.63
0.6166667
0.63666666
0.63
0.6066667
0.62
0.5733333
0.53666663
0.6366667
0.53999996
0.64
0.61
0.56
0.6166667
0.61333334
0.45
0.47
0.57666665
0.60333335
0.59000003
0.59333336
0.5733333
0.58
0.5566667
0.5966667
0.5833333
0.52
0.61333334
0.6733333
0.64666665
0.52
0.55333334
0.5866667
0.6066667
0.59000003
0.5133333
0.6066667
0.58000004
0.5566667
0.61333334
0.6266666
0.56333333
0.4733333
0.59000003
0.62333333
0.58666664
0.65999997
0.5133333
0.61
0.6
0.54333335
0.56666666
0.5133333
0.56666666
0.48000002
0.65
0.5566667
0.54333335
0.6633333
0.5366667
0.5966667
0.5133333
0.5733333
0.52666664
0.45666668
0.5966667
0.6166667
0.57
0.56666666
0.6166667
0.57666665
0.49666667
0.5333333
0.5733333
0.57666665
0.56666666
0.56
0.5233333
0.62
0.61999995
0.59
0.46
0.64666665
0.55333334
0.55
0.54
0.59
0.4966667
0.62
0.56666666
0.59000003
0.5733333
0.57666665
0.57666665
0.5466667
0.64
0.6066666
0.56
0.6
0.59000003
0.5933333
0.6066667
0.48666668
0.65999997
0.5
0.5933333
0.62666667
0.5466666
0.51666665
0.50666666
0.54
0.56
0.53333336
0.56
0.50333333
0.59000003
0.5833333
0.59333336
0.65
0.5733333
0.4733333
0.6166667
0.5366667
0.62
0.6033333
0.5766667
0.6033333
0.58666664
0.5433333
0.6133333
0.56333333
0.5733333
0.70666665
0.5833333
0.5633334
0.6166667
0.46333334
0.61333334
0.6333333
0.61333334
0.5133333
0.5466667
0.56000006
0.68
0.62666667
0.60999995
0.5533333
0.52666664
0.53333336
0.56333333
0.5433333
0.6066667
0.63
0.56333333
0.5666667
0.6
0.62666667
0.57666665
0.62333333
0.48666665
0.57
0.59333336
0.5333333
0.49666667
0.55333334
0.52666664
0.55333334
0.60333335
0.5233333
0.5833334
0.56
0.62333333
0.43666667
0.53
0.65
0.65
0.49666667
0.53000003
0.54333335
0.5466667
0.69666666
0.6066667
0.60333335
0.48999998
0.63666666
0.6066667
0.5566667
0.57
0.6333333
0.5433333
0.63
0.5466667
0.6166667
0.5133333
0.5733333
0.63
0.53333336
0.5833334
0.5466667
0.54333335
0.55
0.63
0.5933333
0.5266667
0.59333336
0.50333333
0.46666667
0.62666667
0.4966667
0.5
0.5933333
0.6333333
0.64666665
0.65
0.57
0.62666667
0.56666666
0.6333333
0.48
0.54
0.54333335
0.6
0.70000005
0.6333333
0.62
0.61
0.63666666
0.74
0.5566667
0.5733333
0.59333336
0.59666663
0.5133333
0.63666666
0.6066667
0.49
0.44333333
0.52666664
0.62666667
0.57
0.58000004
0.6133333
0.57
0.52666664
0.5833334
0.5566667
0.49666664
0.6166667
0.5566667
0.59
0.59999996
0.56666666
0.5366667
0.61
0.53333336
0.5266667
0.47000003
0.61
0.5933333
0.5733333
0.56
0.65666664
0.5433333
0.49666667
0.49
0.5366667
0.5733334
0.7033333
0.6666667
0.57000005
0.55333334
0.61333334
0.6333333
0.62
0.52666664
0.61333334
0.56666666
0.5833333
0.62333333
0.6166667
0.6
0.55
0.5566667
0.5333333
0.54999995
0.53999996
0.62333333
0.64666665
0.61
0.61
0.54999995
0.62333333
0.55
0.48999998
0.53000003
0.6166667
0.61333334
0.57000005
0.57666665
0.56
0.5766667
0.59
0.6
0.61
0.55
0.45333332
0.50666666
0.58
0.49666667
0.5766667
0.5266667
0.61333334
0.6133333
0.5333333
0.52666664
0.55333334
0.5733333
0.49333334
0.5633333
0.62
0.5333333
0.48333335
0.55333334
0.5233333
0.57
0.6166667
0.57
0.59666663
0.48333332
0.62
0.5466667
0.61333334
0.54333335
0.55333334
0.6666666
0.6533333
0.5466666
0.53000003
0.48999998
0.5833334
0.58000004
0.56666666
0.61
0.61333334
0.6
0.59000003
0.61333334
0.50333333
0.51
0.53999996
0.62
0.5733333
0.62666667
0.5466666
0.61
0.58
0.57
0.48999998
0.5733333
0.66333336
0.5566667
0.59333336
0.64666665
0.69333327
0.56666666
0.57333326
0.48333335
0.51
0.52
0.6066667
0.62
0.5833333
0.62
0.61333334
0.5733333
0.54
0.60333335
0.59999996
0.57
0.6333333
0.50333333
0.61333334
0.5233334
0.49999997
0.59000003
0.62333333
0.63
0.61
0.65
0.62666667
0.58
0.70000005
0.6433334
0.61333334
0.62
0.57666665
0.5333333
0.59000003
0.51666665
0.63
0.59333336
0.65
0.62666667
0.53333336
0.59000003
0.6166667
0.48000002
0.65999997
0.5833333
0.56666666
0.68333334
0.6066667
0.58000004
0.5833333
0.56000006
0.6066667
0.5566667
0.59000003
0.5833333
0.5466667
0.55333334
0.63666666
0.7333333
0.54333335
0.62
0.60333335
0.63666666
0.5466667
0.61
0.53333336
0.61333334
0.6433333
0.5966667
0.65
0.59666663
0.51
0.6766667
0.47666666
0.62
0.6166667
0.50333333
0.6633333
0.54
0.6066667
0.6666667
0.5466667
0.6566667
0.57
0.5333333
0.6066667
0.55333334
0.5733334
0.5566667
0.6166667
0.6066667
0.57
0.59
0.56666666
0.6233333
0.60333335
0.54333335
0.5733333
0.47333336
0.5566667
0.6566667
0.51
0.5466667
0.55
0.5766667
0.6166667
0.63
0.6066667
0.6066666
0.59999996
0.6
0.60333335
0.61333334
0.61
0.59
0.6533333
0.6433333
0.6066666
0.65333337
0.62333333
0.52000004
0.6333333
0.6166667
0.6666666
0.65666664
0.5966667
0.55333334
0.67333335
0.5566666
0.53
0.5566667
0.58666664
0.51
0.6433333
0.63666666
0.51666665
0.56666666
0.49666667
0.5833333
0.6066666
0.6933333
0.6033333
0.56666666
0.58
0.56
0.62333333
0.56
0.5366667
0.52
0.55333334
0.56333333
0.62
0.62
0.62
0.58000004
0.5966667
0.6066667
0.52666664
0.6333333
0.5566667
0.60333335
0.5733333
0.6066667
0.58
0.53000003
0.59999996
0.51666665
0.57666665
0.46666667
0.63666666
0.6066667
0.5733333
0.52666664
0.6
0.5833333
0.53000003
0.57666665
0.61
0.5733334
0.41333333
0.59666663
0.6166667
0.5966667
0.6833333
0.59333336
0.63
0.6966666
0.63666666
0.56333333
0.59
0.48666668
0.53666663
0.6633333
0.63666666
0.58000004
0.5866667
0.60333335
0.55
0.6066666
0.64666665
0.57666665
0.53666663
0.63666666
0.65000004
0.6533333
0.56666666
0.61333334
0.6066667
0.5833333
0.6333333
0.51666665
0.6333333
0.45333335
0.57
0.63000005
0.5833333
0.56
0.52666664
0.6066666
0.60333335
0.63666666
0.50333333
0.6066667
0.56333333
0.6166667
0.63666666
0.58000004
0.65
0.54999995
0.63666666
0.55
0.6066667
0.58
0.61333334
0.56333333
0.54999995
0.6066667
0.5933333
0.57
0.57
0.50333333
0.5333333
0.64666665
0.65666664
0.6433333
0.6833333
0.6433333
0.57
0.65999997
0.65999997
0.60999995
0.55333334
0.57
0.48666668
0.58
0.53
0.52666664
0.6
0.70666665
0.62666667
0.6133333
0.5833334
0.6066667
0.5833333
0.53999996
0.65
0.55333334
0.59333336
0.58000004
0.59
0.54333335
0.64
0.5833333
0.63
0.58
0.6
0.6066667
0.57666665
0.48333335
0.52666664
0.5733333
0.56
0.55
0.5666667
0.65
0.56333333
0.57666665
0.58666664
0.60333335
0.6633333
0.55
0.46
0.6066667
0.45333332
0.54
0.5966667
0.51
0.62
0.5566667
0.47
0.57666665
0.5533333
0.59333336
0.61333334
0.59666663
0.6
0.55333334
0.6333333
0.44333333
0.5266667
0.52000004
0.5566667
0.6066667
0.53666663
0.64666665
0.53000003
0.62
0.4633333
0.5566666
0.6
0.70000005
0.64666665
0.56666666
0.6
0.5833333
0.56333333
0.6066667
0.5866667
0.62666667
0.49
0.56666666
0.61
0.5433333
0.61
0.67333335
0.6066667
0.56
0.6433333
0.7366667
0.59666663
0.50333333
0.61
0.6
0.6433333
0.62333333
0.60333335
0.56333333
0.59999996
0.62666667
0.6333333
0.56
0.69
0.6066667
0.64666665
0.6933333
0.55333334
0.59666663
0.56
0.56
0.58666664
0.54333335
0.5933333
0.56666666
0.6433333
0.6166667
0.6
0.5966667
0.62666667
0.6066667
0.46666667
0.56666666
0.5833333
0.58000004
0.59333336
0.5233333
0.5366667
0.60333335
0.65666664
0.5566667
0.54
0.57
0.62333333
0.53666663
0.65
0.59666663
0.54999995
0.62666667
0.57
0.63666666
0.6566667
0.56333333
0.53
0.69
0.5966667
0.5
0.5633333
0.6433333
0.5666667
0.55333334
0.5866667
0.54333335
0.45999998
0.5833334
0.67333335
0.53000003
0.48666668
0.63666666
0.6433333
0.69333327
0.5733333
0.49333334
0.59999996
0.63
0.5933333
0.49666667
0.49333334
0.5766667
0.5333333
0.6066667
0.6066667
0.55333334
0.56
0.61333334
0.60333335
0.73
0.57
0.59
0.6533333
0.6
0.5966667
0.6333333
0.5466666
0.63666666
0.6066667
0.61333334
0.5566667
0.56666666
0.6166667
0.62333333
0.53999996
0.53999996
0.5133333
0.56
0.59666663
0.6166667
0.5566667
0.58000004
0.50333333
0.58666664
0.53333336
0.5233333
0.63
0.51
0.6333333
0.6333333
0.6166667
0.55333334
0.61333334
0.5366667
0.61
0.53000003
0.62333333
0.57000005
0.53000003
0.51
0.60333335
0.5166667
0.6933333
0.47
0.64666665
0.63666666
0.5133333
0.5566667
0.52
0.6
0.57
0.53999996
0.6166667
0.55
0.62666667
0.64666665
0.55999994
0.5966667
0.5833333
0.57
0.5766667
0.6166667
0.5733333
0.6166667
0.57
0.59333336
0.55333334
0.6
0.5733333
0.52
0.59999996
0.55
0.57666665
0.54
0.64
0.64
0.57666665
0.5566667
0.56666666
0.56333333
0.65
0.5933333
0.5933333
0.57
0.65000004
0.56333333
0.6766667
0.6333333
0.61
0.5566667
0.54
0.55333334
0.64666665
0.5466667
0.59333336
0.60333335
0.59999996
0.5733333
0.61333334
0.56666666
0.62
0.57000005
0.5933333
0.54
0.47333333
0.57
0.61333334
0.67
0.5133333
0.62
0.5666666
0.5466667
0.62666667
0.62
0.65
0.5833334
0.63666666
0.5966667
0.63
0.6066666
0.5366667
0.46666667
0.62333333
0.6
0.6333333
0.57
0.62333333
0.62333333
0.62666667
0.63
0.58
0.72
0.56666666
0.6166667
0.53666663
0.54333335
0.57666665
0.59
0.5233334
0.6566667
0.56333333
0.7033334
0.5233333
0.63
0.55
0.5833333
0.59000003
0.61333334
0.6166666
0.5833334
0.5566667
0.5633333
0.57666665
0.63666666
0.63666666
0.6866666
0.57
0.6066667
0.5133333
0.5833334
0.6433333
0.71333337
0.55666673
0.63
0.55999994
0.5966667
0.5733333
0.5366667
0.59000003
0.66999996
0.6
0.62
