1.6175245
1.6130983
1.60883
1.6124794
1.6099702
1.6085286
1.6120882
1.6110765
1.6099459
1.6069552
1.6094757
1.6103313
1.6101354
1.6047316
1.6080979
1.6084393
1.60821
1.607065
1.6104038
1.6079775
1.6027632
1.6070687
1.6059848
1.6061574
1.599411
1.6037284
1.6079687
1.604281
1.5937798
1.5989989
1.6062466
1.6043222
1.5980769
1.6174158
1.597578
1.5894585
1.5982132
1.5946443
1.6017522
1.5794067
1.5854814
1.600944
1.5990453
1.5718181
1.5756555
1.596241
1.6038526
1.5788084
1.6210191
1.6004366
1.5792509
1.5881282
1.5550511
1.5764265
1.5644494
1.5439935
1.5819504
1.6019845
1.5461274
1.5275686
1.5645487
1.6034553
1.5539856
1.6291935
1.5864472
1.5839022
1.5929792
1.5303153
1.5477396
1.521771
1.5084422
1.5604322
1.6064757
1.4976428
1.4799289
1.5349503
1.591379
1.5239334
1.6438255
1.605355
1.5629618
1.6021523
1.4649942
1.5138081
1.5209409
1.4554317
1.5910311
1.62552
1.4697841
1.4317056
1.5130413
1.5900137
1.5196064
1.6081791
1.5578716
1.539673
1.5806887
1.393894
1.4761009
1.509444
1.3687611
