1.6942751
1.7419989
1.7123547
1.615401
1.6825039
1.7347088
1.7671702
1.6216375
1.592522
1.6395847
1.6359028
1.6905408
1.5972617
1.6508927
1.6753184
1.574158
1.5511303
1.3829832
1.6982158
1.5501308
1.5404536
1.533836
1.721257
1.5861498
1.506121
1.5984391
1.5929245
1.66395
1.6325873
1.5251979
1.6933417
1.5724461
1.5682822
1.5634602
1.5736431
1.5754212
1.6533195
1.5531149
1.6656473
1.6340387
1.4616398
1.5942154
1.4031594
1.5766189
1.4732499
1.6599929
1.5812917
1.6138753
1.5960361
1.5191467
1.6261723
1.5539737
1.5770605
1.5532511
1.5396961
1.5558479
1.5834295
1.5468103
1.5121369
1.5192082
1.4070674
1.5925637
1.3954306
1.3949056
1.5559428
1.5794576
1.5420817
1.4699974
1.4538207
1.3959854
1.5294261
1.4081491
1.3365437
1.5251427
1.4499283
1.4457682
1.5398088
1.4664496
1.3833764
1.4343024
1.4751669
1.4518702
1.5148605
1.5469382
1.5176692
1.418788
1.4158497
1.5150328
1.430957
1.4703796
1.5230557
1.4518936
1.4362969
1.4090806
1.5386271
1.5240581
1.4243872
1.4572783
1.4994199
1.4489563
1.4544368
1.4182808
1.4644896
1.5314646
1.4882315
1.4845507
1.4090607
1.3945191
1.3840144
1.4605196
1.5038097
1.3848795
1.504781
1.5767779
1.5284344
1.5957925
1.5350053
1.3259757
1.4495262
1.4929893
1.4309766
1.444031
1.4720825
1.6516917
1.427922
1.429202
1.4753253
1.6342189
1.4490159
1.3503253
1.4304193
1.5812168
1.4799778
1.5273474
1.4083846
1.415595
1.5155907
1.4134291
1.4082326
1.5959574
1.3467302
1.3212665
1.5482252
1.5211706
1.513766
1.3630803
1.5065458
1.4570057
1.4428113
1.47732
1.5902174
1.4759154
1.4744126
1.3966851
1.3524796
1.4667177
1.5092324
1.4707973
1.4028546
1.4653506
1.438365
1.3290129
1.4844997
1.5000494
1.5229934
1.4188792
1.5084951
1.3888068
1.3265347
1.4973856
1.5583767
1.5709045
1.4481982
1.6048355
1.5046785
1.4173019
1.5200799
1.4117588
1.3120027
1.443233
1.5413479
1.4401765
1.468414
1.355099
1.5220984
1.5046611
1.4581679
1.3544793
1.4038512
1.4713081
1.4426498
1.334578
1.4182693
1.5614344
1.4821365
1.4775563
1.2708929
1.5584576
1.4922947
1.4933722
1.5548117
1.5072048
1.4731767
1.3752271
1.3467132
1.4022045
1.3492734
1.2754856
1.412128
1.5054119
1.3978742
1.5177689
1.3385923
1.4543333
1.5235531
1.4918699
1.4707613
1.4315447
1.4470043
1.5040711
1.4451213
1.4593145
1.4179312
1.4253179
1.3198607
1.5419228
1.3819221
1.4245763
1.4560685
1.4143995
1.5850514
1.4760267
1.4148254
1.5007219
1.4248556
1.4205396
1.2571957
1.5193037
1.4608053
1.412623
1.3713003
1.3301442
1.4466612
1.3943007
1.4572556
1.3702006
1.315855
1.2311065
1.3683164
1.4025985
1.4522343
1.2949467
1.4060442
1.5739549
1.3957922
1.4683973
1.4269474
1.4180288
1.4281069
1.4485976
1.5166204
1.435513
1.4600255
1.5346874
1.275283
1.4306772
1.3634152
1.5359473
1.5293258
1.3038459
1.4915154
1.4553297
1.3654358
1.5496215
1.4409854
1.4720465
1.4712243
1.3505188
1.4073341
1.5616868
1.5036504
1.4424894
1.2878121
1.3934003
1.3560343
1.3777276
1.4787217
1.411197
1.4290841
1.3148892
1.3786403
1.4685831
1.3746831
1.3622139
1.452606
1.3553412
1.4228054
1.52665
1.3555945
1.4763349
1.5128034
1.2752604
1.3033339
1.316678
1.397815
1.4093627
1.3559724
1.4060017
1.4023249
1.4728079
1.5726576
1.383454
1.4162245
1.3938892
1.251069
1.3508945
1.4129057
1.4998581
1.3193871
1.4584076
1.4057388
1.411919
1.5035913
1.546097
1.3953413
1.446836
1.3747278
1.4542105
1.3070261
1.3650706
1.3500913
1.4135009
1.371424
1.3929268
1.3603379
1.2867421
1.3897561
1.2725663
1.4476609
1.4393805
1.4217045
1.562097
1.3249654
1.3269624
1.3578591
1.4677296
1.3526518
1.4440489
1.2694203
1.4705807
1.3073211
1.2828099
1.2818149
1.3429369
1.3810627
1.3885446
1.3637557
1.4772286
1.4377608
1.4113667
1.409303
1.3877903
1.5558988
1.355734
1.4274032
1.3869054
1.4349332
1.263402
1.4738953
1.4026899
1.458337
1.3402326
1.4696085
1.3719442
1.421771
1.565388
1.3006767
1.4035611
1.3672471
1.3484906
1.4497066
1.3384879
1.3086206
1.4256127
1.3987467
1.3591524
1.4230877
1.4363023
1.3315274
1.521003
1.3986181
1.4898317
1.493135
1.3682064
1.3276055
1.3508912
1.549729
1.5000323
1.278484
1.4100713
1.3574029
1.2594334
1.3115767
1.3240036
1.3640425
1.5895518
1.4660449
1.3150887
1.4028051
1.532526
1.4035888
1.4012402
1.3576947
1.5192828
1.355722
1.535797
1.5148485
1.4169399
1.435427
1.3593274
1.2725494
1.417897
1.2775285
1.4221054
1.462008
1.4020765
1.3963335
1.3031858
1.3631784
1.4678912
1.4359872
1.1945044
1.366085
1.3552388
1.3992039
1.3573254
1.3808446
1.298605
1.374263
1.3789926
1.340249
1.4174193
1.5648404
1.4175599
1.4260037
1.3651628
1.4006114
1.3654199
1.4126257
1.41021
1.4819778
1.3429344
1.4638995
1.3730091
1.3745725
1.3156911
1.3525152
1.3401353
1.4578271
1.4248949
1.4778068
1.2894034
1.32323
1.2637126
1.424016
1.3273572
1.3659558
1.4021959
1.3483502
1.5592154
1.3597882
1.2711354
1.3903587
1.4537672
1.2817433
1.3278444
1.3262423
1.4107411
1.3975861
1.4993582
1.2935835
1.4227583
1.3954525
1.2195574
1.3254869
1.372376
1.4679857
1.4806392
1.5360044
1.3061162
1.3783903
1.4060346
1.3225102
1.3301511
1.3604721
1.4175153
1.4093144
1.4357009
1.4603248
1.3390484
1.5616813
1.3953551
1.3951398
1.4652963
1.2207454
1.3443881
1.4876645
1.3896116
1.3846896
1.2143743
1.3797277
1.398715
1.4609556
1.3760824
1.5029223
1.3283365
1.3792068
1.396909
1.3779603
1.3446312
1.4800189
1.2781161
1.3354977
1.443712
1.3630383
1.6025172
1.4666501
1.4653926
1.3212408
1.4585454
1.3827388
1.3832214
1.394664
1.48658
1.4077673
1.406147
1.4421095
1.2735823
1.2828088
1.4309694
1.4721618
1.4164599
1.465862
1.3477694
1.412776
1.2692115
1.3495088
1.3860925
1.418494
1.3680239
1.3048164
1.4021264
1.3633652
1.3424425
1.4096215
1.2193491
1.419279
1.3579267
1.4953581
1.397398
1.5104549
1.3845522
1.3606143
1.2132816
1.508148
1.3590599
1.4491314
1.3511474
1.4216894
1.2291903
1.3061457
1.4767754
1.3652626
1.3642375
1.4805009
1.49532
1.4352467
1.3727345
1.4310693
1.4338138
1.4220575
1.4121859
1.4638889
1.3178079
1.4141624
1.3049507
1.3922998
1.2865721
1.417378
1.4855491
1.219875
1.4665225
1.2465153
1.3334229
1.4861577
1.290293
1.4660863
1.4030904
1.3435531
1.429189
1.374071
1.2789922
1.4289234
1.2851104
1.3359519
1.3545951
1.2642189
1.3653857
1.281824
1.3513495
1.4047894
1.4244264
1.3967717
1.285742
1.4079616
1.2933373
1.312533
1.4935994
1.4533393
1.4180193
1.1552056
1.2387155
1.4415747
1.3956338
1.3456858
1.2143517
1.4415183
1.428721
1.4056793
1.5017279
1.3058977
1.4787551
1.4686626
1.2582985
1.2564287
1.4065541
1.3816066
1.3140023
1.3785383
1.2666279
1.1949582
1.4352593
1.490946
1.474247
1.2845864
1.349418
1.5183773
1.439484
1.3317682
1.2692857
1.4398332
1.3963755
1.2529032
1.4730905
1.1816659
1.3393167
1.4977036
1.3285193
1.4323789
1.4777569
1.4535067
1.3167373
1.3488635
1.5293242
1.2805736
1.434654
1.4452288
1.2576461
1.325876
1.369007
1.3941483
1.3151897
1.3295947
1.4716797
1.5228319
1.4035788
1.3137604
1.3828586
1.4891717
1.2919827
1.3341863
1.3062497
1.4759514
1.4794474
1.1981426
1.3137116
1.4075938
1.4322848
1.3685482
1.5094678
1.4305974
1.2678999
1.3310163
1.410285
1.2915277
1.5277324
1.5584176
1.3574553
1.4546264
1.344386
1.4708751
1.3917637
1.3711035
1.4751455
1.3573781
1.3176354
1.4826477
1.4269027
1.2932132
1.3384194
1.3982008
1.4003431
1.3929601
1.3776538
1.3001497
1.4919473
1.3413768
1.4273338
1.3336836
1.2259542
1.3802624
1.4243404
1.3513769
1.2744919
1.4235253
1.4120015
1.3407893
1.2499208
1.465555
1.410986
1.3857969
1.4530504
1.2884538
1.3207139
1.284581
1.3680012
1.3804232
1.3728014
1.3272537
1.2135134
1.3270403
1.5214708
1.468976
1.416329
1.314764
1.2791524
1.3700122
1.3680768
1.2668147
1.3946509
1.4044623
1.479419
1.4003772
1.3982335
1.431188
1.4097527
1.3666826
1.2861698
1.3689859
1.3999529
1.4052018
1.4073324
1.4045275
1.393892
1.3232296
1.4021959
1.3074157
1.2958603
1.4300408
1.3580781
1.3799863
1.4045508
1.4678923
1.35449
1.3968918
1.4003474
1.4852039
1.4565023
1.3444233
1.2656014
1.4308277
1.365729
1.3397526
1.3737869
1.4644208
1.3107923
1.3924917
1.3993051
1.3361833
1.3669972
1.3633718
1.2962241
1.3727016
1.284422
1.2961688
1.2739319
1.2888541
1.2816758
1.3498223
1.4070007
1.4334576
1.4601486
1.3386414
1.2188137
1.28186
1.411041
1.2163746
1.4064677
1.3958807
1.2092862
1.3628935
1.3677435
1.291163
1.2298483
1.3001842
1.4250962
1.2965736
1.2573698
1.3708364
1.3380494
1.2661862
1.3378087
1.5124092
1.4980013
1.4179523
1.4338564
1.3401728
1.4178542
1.3322694
1.3741455
1.3549075
1.3589859
1.4417287
1.3312099
1.3601842
1.4113202
1.3649563
1.4078124
1.3746228
1.3592135
1.4194182
1.5534366
1.370544
1.3848819
1.313493
1.4396787
1.44538
1.3576968
1.3525108
1.2867758
1.4075902
1.4258933
1.2899562
1.3640178
1.3772007
1.4843062
1.3272802
1.3230377
1.3627042
1.385367
1.2788718
1.5020479
1.4055166
1.4123511
1.381025
1.2147888
1.335946
1.4252023
1.3720337
1.4369348
1.5143621
1.1913986
1.30191
1.4336624
1.2306176
1.161139
1.3519428
1.2720318
1.415631
1.5751064
1.4759786
1.4383407
1.3662157
1.4231844
1.347237
1.4091496
1.3907259
1.3223354
1.3180199
1.209711
1.3340708
1.325442
1.1869593
1.3945616
1.3279204
1.4606826
1.316721
1.4431385
1.3149049
1.3597635
1.318199
1.3411043
1.3008971
1.3294563
1.2830696
1.188225
1.3962318
1.2810738
1.3620157
1.3373854
1.4110973
1.3436946
1.350873
1.4642779
1.4029516
1.2876564
1.3608843
1.3186816
1.2812328
1.1401547
1.3517792
1.3931297
1.3619704
1.4726596
1.2869966
1.3238996
1.2313088
1.407892
1.376597
1.2324587
1.3222744
1.4383447
1.4638469
1.2457172
1.2777971
1.4036688
1.3680967
1.401161
1.292299
1.4956634
1.5216908
1.3552125
1.3948978
1.323189
1.23534
1.3900578
1.2666824
1.4020803
1.4199303
1.3341272
1.317781
1.4106226
1.2260162
1.4482578
1.2996883
1.3710266
1.2396448
1.4452863
1.2300901
1.2064643
1.2788466
1.3963941
1.3950539
1.3458781
1.3113042
1.4609668
1.5117224
1.3521295
1.3590171
1.3178552
1.3453121
1.3565106
1.2619998
1.491407
1.373658
1.2924845
1.3997089
1.3369286
1.4165792
1.3546015
1.3142419
1.4124341
1.3531783
1.3237288
1.4226317
1.3746731
1.3912227
1.3755513
1.291409
1.2638745
1.347579
1.2650142
1.3421162
1.3007184
1.3414669
1.3923044
1.3250241
1.2569792
1.3387831
1.3817991
1.2729374
1.3668197
1.43556
1.3738756
1.2799706
1.3521951
1.2577235
1.3304775
1.1652691
1.3858232
1.2870609
1.2762439
1.3849232
1.398091
1.2605109
1.2547843
1.2668539
1.4010905
1.2421066
1.287097
1.3681242
1.3538704
1.3172021
1.185183
1.23644
1.4942086
1.2124183
1.4440188
1.4947107
1.2855422
1.3203305
1.3019375
1.4157151
1.3951349
1.2953084
1.305419
1.3512342
1.3701085
1.2557299
1.1541985
1.448853
1.2274748
1.4367745
1.4151425
1.4280657
1.2422874
1.4447619
1.3323916
1.3133585
1.4273299
1.3590822
1.3923006
1.1829586
1.3494334
1.382803
1.4698024
1.1888947
1.2536356
1.317571
1.2408109
1.5550911
1.3191664
1.2354399
1.1991581
1.3504863
1.3890891
1.324162
1.2924029
1.0644737
1.171091
1.1569248
1.3078319
1.3750653
1.3030927
1.3483905
1.3160188
1.2986331
1.3849882
1.2863158
1.3870552
1.4895349
1.3700984
1.2876065
1.4119558
1.4667602
1.432266
1.3911332
1.4838138
1.2701772
1.4393818
1.266865
1.4531544
1.3515489
1.4307917
1.4492275
1.2984412
1.3828287
1.3050077
1.3725601
1.3713701
1.2796965
1.2612774
1.1983974
1.4350829
1.3588383
1.2862594
1.3360028
1.2698166
1.3356094
1.2981876
1.4908844
1.4735317
1.4233992
1.1298957
1.3193504
1.4177293
1.3913445
1.2285122
1.3803868
1.2120022
1.4314607
1.4216827
1.1361637
1.3873616
1.3682402
1.2612342
1.3988407
1.4556012
1.3918017
1.3874564
1.2087039
1.2614046
1.302336
1.2861893
1.3722702
1.4645166
1.1945456
1.2629455
1.237706
1.3732113
1.2132857
1.2345588
1.3509293
1.3072611
1.2538242
1.3350797
1.2983584
1.2983185
1.1632365
1.2792737
1.2343872
1.292704
1.3177234
1.3340737
1.5792367
1.3441937
1.2783403
1.3772969
1.4804962
1.293871
1.2731982
1.3058805
1.3873783
1.2657393
1.2876203
1.309658
1.3113421
1.454148
1.3678389
1.3008544
1.2596143
1.418489
1.1120689
1.3119909
1.3228257
1.2658556
1.2208657
1.3895137
1.3778918
1.2279243
1.2709736
1.369798
1.2293968
1.2854177
1.1862656
1.1984973
1.3568989
1.2465818
1.2613888
1.4522283
1.3094094
1.5295464
1.2522327
1.3305576
1.2400552
1.2440274
1.3761486
1.14921
1.4100142
1.264195
1.2887677
1.0990714
1.2730908
1.4096874
1.3156213
1.2151355
1.2141743
1.3725524
1.2159133
1.2884305
1.4956986
1.544216
1.2530369
1.332208
1.3663397
1.321595
1.3613768
1.3028858
1.3039435
1.1590444
1.3533553
1.3333857
1.1614537
1.2929561
1.4624463
1.2965175
1.3971881
1.0763724
1.1843512
1.2482126
1.4317075
1.4547945
1.3197169
1.3621331
1.3217843
1.3065529
1.4198084
1.1972232
1.434639
1.3265585
1.318475
1.1835403
1.1931727
1.3401284
1.5139146
1.3086388
1.1180421
1.6093211
1.3923515
1.2422602
1.2897992
1.3844422
1.3191786
1.249188
1.4111185
1.3549011
1.2617147
1.2783666
1.3678858
1.542222
1.3455482
1.2014861
1.2973366
1.206102
1.2460018
1.1269083
1.141029
1.4019632
1.5591407
1.2587149
1.4421833
1.2537614
1.3230324
1.3451868
1.3318583
1.3309304
1.2374042
1.2862588
1.2673042
1.3725642
1.3373463
1.4058576
1.3957409
1.3462145
1.2747946
1.408269
1.2897191
1.1469783
1.2704922
1.248159
1.3724713
1.3078357
1.3417475
1.3015888
1.2609162
1.2369112
1.1672528
1.1853931
1.2367535
1.3314202
1.3054652
1.3127593
1.3338761
1.3336098
1.2240877
1.2914536
1.4151335
1.1839602
1.191387
1.26757
1.2863381
1.3055294
1.2490584
1.3195934
1.2916034
1.3882642
1.2918954
1.3653904
1.3002155
1.4111164
1.1947019
1.2673271
1.437923
1.1991
1.47296
1.4031925
1.2925152
1.337428
1.2008742
1.3058277
1.2684224
1.4649134
1.2508645
1.2381768
1.3109623
1.2386367
1.3580984
1.4264786
1.2490305
1.2675949
1.4114891
1.1498461
1.2976513
1.4091923
1.2494234
1.3055781
1.2392125
1.3109438
1.4018718
1.3596306
1.4342868
1.2648658
1.4894495
1.3962296
1.2267559
1.2750276
1.2987167
1.2561028
1.3152019
1.2997061
1.4143363
1.1686884
1.5316671
1.3236743
1.2864208
1.2040311
1.4060264
1.2098386
1.3101513
1.3819859
1.2793941
1.1544504
1.2728117
1.3603305
1.303658
1.2663387
1.460411
1.3675499
1.3418747
1.3735931
1.3577275
1.3215649
1.2883732
1.3788556
1.3225553
1.0824041
1.260651
1.2346364
1.1857799
1.2858471
1.4112235
1.3931398
1.3165451
1.1619117
1.3923955
1.2345996
1.3194003
1.3268607
1.2897726
1.2627621
1.4222854
1.0983729
1.3446274
1.2788796
1.3106475
1.375732
1.3032551
1.3265495
1.2928648
1.3340607
1.194102
1.250133
1.1952279
1.2062075
1.2767673
1.2685673
1.3584192
1.418606
1.3241637
1.2332325
1.3524108
1.2957127
1.2189975
1.1977396
1.1318693
1.2265296
1.2037358
1.4387345
1.3193789
1.3022925
1.337237
1.2808658
1.2884336
1.343394
1.2266707
1.2206169
1.2575355
1.1842053
1.2422078
1.1895132
1.2656293
1.3332115
1.3134055
1.4067967
1.4539924
1.2033683
1.3832988
1.223376
1.4022917
1.4797645
1.4077226
1.3498679
1.3267131
1.367868
1.3296251
1.2952788
1.2779106
1.2006775
1.340867
1.3966746
1.3710947
1.3631666
1.2750497
1.2248433
1.4401327
1.2652526
1.3080959
1.1548281
1.157621
1.3268521
1.3065209
1.4633181
1.41256
1.262233
1.3332205
1.0820204
1.3351142
1.3508003
1.1668793
1.40453
1.3815224
1.2887003
1.3978556
1.3389671
1.2920151
1.3439232
1.368024
1.2750555
1.4849517
1.3326609
1.2216177
1.1535931
1.3134811
1.3227265
1.2209854
1.2922721
1.5063586
1.378743
1.4341676
1.2843987
1.3799566
1.1703885
1.5043073
1.3288255
1.2664709
1.3320411
1.2300742
1.3051907
1.2693067
1.4272369
1.2813394
1.1953205
1.2017847
1.293404
1.3317415
1.3418404
1.364177
1.2738789
1.1283582
1.2189105
1.3257767
1.423912
1.2351804
1.2762604
1.1574252
1.1561196
1.1440582
1.4569955
1.3034002
1.2717073
1.4387312
1.2511265
1.3550642
1.3343
1.1117778
1.3277596
1.1939553
1.3190601
1.2540109
1.4002961
1.2386212
1.4615653
1.3211436
1.3410931
1.2915304
1.3950807
1.3198503
1.2526327
1.2492273
1.1819063
1.2751772
1.2256035
1.3867003
1.3981009
1.3578359
1.3526981
1.2783661
1.346326
1.2143843
1.2370753
1.260682
1.2087396
1.2206438
1.2672865
1.4092072
1.4835457
1.3767649
1.2449108
1.2954568
1.194214
1.4138907
1.3865991
1.282489
1.3049424
1.152447
1.4678578
1.3356582
1.2621667
1.3507978
1.2908171
1.3701738
1.3625724
1.3826554
1.2568089
1.3620768
1.1553371
1.268348
1.1499659
1.2985088
1.2739321
1.4291394
1.2297478
1.3969588
1.3641429
1.027442
1.3621112
1.2881169
1.2312295
1.3028936
1.256755
1.1152606
1.1407024
1.1883969
1.1766472
1.1017387
1.254111
1.3122666
1.3461667
1.2944225
1.2681518
1.3195357
1.1238654
1.157119
1.2800527
1.2656273
1.3732125
1.4543219
1.1204475
1.1718853
1.2479906
1.2798645
1.2829041
1.2672377
1.0669739
1.3637315
1.157354
1.3430454
1.2918046
1.3433838
1.3331912
1.2932
1.3735375
1.335651
1.3619862
1.1939037
1.211274
1.3351958
1.4125749
1.3012464
1.3656129
1.3985674
1.2313945
1.1716665
1.1389968
1.2600899
1.3218036
1.2232964
1.2313427
1.025551
1.3647798
1.3089746
1.1784456
1.3447235
1.4516861
1.1955243
1.3727603
1.2644168
1.3598716
1.2097089
1.266645
1.3519542
1.0552965
1.3017468
1.1798486
1.2802505
1.2336048
1.4057798
1.3085349
1.3460826
1.089773
1.4051085
1.257474
1.4486437
1.2959361
1.3566337
1.2703712
1.4416139
1.1868811
1.2003291
1.3311735
1.3987576
1.4153186
1.3099874
1.2655472
1.2929451
1.140625
1.303131
1.319402
1.2304001
1.1855427
1.181055
1.3525867
1.1624364
1.353978
1.1111655
1.3505707
1.2459799
1.2568632
1.3208064
1.3136783
1.221798
1.3960292
1.2583549
1.4062023
1.1966078
1.2777045
1.2942066
1.0286684
1.1694882
1.1484439
1.3196534
1.3000085
1.2353146
1.2123611
1.2878618
1.3037219
1.323722
1.2209235
1.1649481
1.1841569
1.3863436
1.1589134
1.3843547
1.4164747
1.3000133
1.4001082
1.3498085
1.3063358
1.2012722
1.2782418
1.228128
1.4091537
1.3287661
1.1791737
1.1252184
1.2637691
1.3081224
1.3215259
1.2037956
1.343564
1.1833153
1.3340335
1.3221016
1.3484354
1.1439649
1.1286883
1.3617973
1.2511984
1.3436681
1.3583636
1.262286
1.329003
1.3831229
1.2993011
1.4128077
1.3795158
1.2540531
1.2009692
1.3163804
1.2509983
1.2809541
1.2647593
1.1613457
1.3088164
1.1778727
1.2673644
1.2498752
1.2720848
1.14663
1.354831
1.1478868
1.2196863
1.206229
1.3002106
1.1922607
1.2724202
1.3041985
1.2919244
1.0101867
1.4168873
1.3180494
1.1502775
1.3208141
1.2540816
1.4182725
1.2490124
1.1378999
1.2815746
1.3460023
1.2023691
1.231246
1.1746708
1.472608
1.1982551
1.3119833
1.1166346
1.2549276
1.274372
1.2307785
1.1603334
1.1826239
1.2316834
1.1980324
1.3034002
1.202593
1.3067791
1.3621106
1.1310815
1.202325
1.183193
1.1960404
1.2179015
1.2674758
1.3010441
1.3703992
1.2672895
1.1573915
1.2812409
1.1206366
1.2269751
1.1971397
1.275708
1.3960009
1.4404597
0.99882305
1.2776656
1.3236238
1.2337086
1.5241194
1.0566082
1.1843979
1.2275872
1.3081342
1.2406178
1.2427018
1.2389579
1.3212603
1.3651367
1.3434827
1.2206887
1.3554288
1.230847
1.2991631
1.175
1.2951359
1.3879987
1.3043227
1.1794564
1.2347318
1.2499744
1.1707963
1.1413026
1.2281032
1.1426299
1.2622777
1.1681802
1.3552132
1.2316399
0.89737856
1.1793805
1.1908786
1.356751
1.3966197
1.3183827
1.1882986
1.3707138
1.1294261
1.1999832
1.2949593
1.2786118
1.352856
1.2894015
1.1315228
1.2790661
1.3776156
1.1684237
1.2517277
1.262734
1.2348375
1.1542203
1.313839
1.2626201
1.3081464
1.2402945
1.1034877
1.3561243
1.2898617
1.2359766
1.344033
1.257833
1.2976711
1.4216233
1.1133306
1.2968152
1.1680899
1.433908
1.1701926
1.2937787
1.3161672
1.2936237
1.2538215
1.2897962
1.2298596
1.1507654
1.3753392
1.1960996
1.3159018
1.1371697
1.233704
1.2277683
1.2678037
1.3517642
1.3567166
1.2069016
1.1758704
1.1267095
1.1908143
1.4257697
1.3392196
1.3180668
1.1624076
1.354286
1.2160397
1.1818944
1.2702025
1.3005209
1.2111719
1.2752638
1.1593447
1.1788877
1.2091336
1.1896591
1.3017961
1.3212574
1.0781584
1.2187068
1.2898037
1.3176875
1.1796435
1.2736766
1.2367618
1.2148033
1.0642103
1.2705353
1.2013718
1.2156303
1.2379913
1.1855574
1.2126639
1.0798904
1.3446501
1.2260144
1.2365884
1.2788391
1.3513181
1.2988507
1.0532299
1.0481293
1.2975804
1.2415533
1.0908879
1.1322982
1.302974
1.3362744
1.2158196
1.2509315
1.358927
1.2594858
1.4562297
1.1974127
1.0987893
1.2841711
1.4263103
1.2418375
1.1930758
1.1950381
1.2474983
1.1768551
1.2486824
1.2128006
1.1132394
1.4168174
1.2368299
1.1962287
1.3964032
1.11578
1.2284793
1.0293633
1.2231241
1.1668864
1.3649905
1.393439
1.1671875
1.3306016
1.3137934
1.2743938
1.2331905
1.2529598
1.2679583
1.1390076
1.001362
1.1642008
1.3279104
1.2417659
1.006377
1.2127442
1.4341203
1.1827192
1.494275
1.4139998
1.2731283
1.2402942
1.262206
1.319788
1.3544899
1.2380364
1.1468916
1.2905178
1.3261663
1.1904023
1.2575452
1.2865235
1.2756822
1.2540224
1.1527356
1.1221598
1.23527
1.1931268
1.3668503
1.29078
1.2916415
1.2809064
1.206173
1.075002
1.3701057
1.1180632
1.2346038
1.1747814
1.2423271
1.1995472
1.2145008
1.3160745
1.2489841
1.1339238
1.2711364
1.3076257
1.2619598
1.3304937
1.0963202
1.2062099
1.0854088
1.2261809
1.0874186
1.2883862
1.3457415
1.2161306
1.2213786
1.1580831
1.280906
1.2013857
1.1792426
1.2723308
1.2841814
1.2681645
1.0685331
1.196553
1.2792599
1.3824878
1.2035229
1.2123551
1.1257087
1.2185156
1.2004043
1.3028209
1.0860416
1.2456673
1.2713684
1.2419599
1.2568142
1.1124614
1.3503213
1.1295347
1.0003686
1.1127932
1.256945
1.1917722
1.2135179
1.392798
1.2786955
1.4207921
1.313785
1.2561986
0.9919385
1.1284465
1.3228248
1.448511
1.3170934
1.0357524
1.0727979
1.2614663
1.2348565
1.21964
1.3602252
1.3268771
1.2737665
1.2015419
1.2367444
1.2262655
1.3982943
1.1615944
1.0268953
1.2446331
1.2859592
1.3051684
1.2546468
1.3766037
1.15412
1.4133284
1.4618729
1.2697964
1.3059456
1.3745298
1.1184924
1.3412455
1.1059724
1.3053488
1.2506957
1.288011
1.1760218
1.3173846
1.2361888
1.3123854
1.3876048
1.1803093
1.2641946
1.1718682
1.3525939
1.1273746
1.126274
1.1948605
1.3629118
1.2103286
1.2724993
1.2656529
1.3870964
1.23457
1.0909534
1.295609
1.2545384
1.1780269
1.3225893
1.110795
1.1810005
1.4247842
1.2135446
1.2609775
1.1222504
1.3195941
1.1420896
1.168231
1.1628888
0.9882022
1.2924509
1.253326
1.2301267
1.3234812
1.1417981
1.3092958
1.2348624
1.1286507
1.4277369
1.2482623
1.1667197
1.2184114
1.2779001
1.1503323
1.3923402
1.1433952
1.2849536
1.066563
1.2143896
1.1943662
1.1339307
1.2527032
1.3170598
1.3814179
1.1602714
1.0874834
1.3002409
1.2104406
1.0978343
1.4415878
1.3727007
1.1912544
1.2663574
1.3274943
1.1756136
1.3170888
1.3461928
1.2538921
1.1678758
1.3355361
1.2846518
1.196572
1.3238693
1.2275357
1.17356
1.2535996
1.3006188
1.1004176
1.2174213
1.2294409
1.3203788
1.0588256
1.3760071
1.3122898
1.279146
1.1949373
1.2384344
1.2541842
1.1501353
1.2973907
1.1777675
1.1351224
1.3447703
1.2042456
1.2256033
1.2210084
1.2634809
1.2318839
1.1844043
1.1253152
1.3663671
1.1704304
1.2284088
1.2104154
1.3340628
1.1426098
1.179495
1.403609
1.0579087
1.2155198
1.3036443
1.0976406
1.0945501
1.2498155
1.1938716
1.1609682
1.3227534
1.1266601
1.3279009
1.1148233
1.0505711
1.3041922
1.1995224
1.2207828
1.2321128
1.1998254
1.3117887
1.1900523
1.1274773
1.2551835
1.2160782
1.2406054
1.2942313
1.363265
1.3078924
1.2891893
1.2446901
1.2839338
1.3155597
1.2555835
1.2779142
1.1778972
1.1190864
1.2232273
1.1586546
1.2316296
1.2225033
1.2089794
1.2227936
1.2381608
1.3076276
1.1679223
1.024198
1.1805071
1.3662637
1.2829317
1.2720846
1.2665086
1.3025113
1.3207704
1.1879399
1.2213278
1.0540226
1.1602736
1.3034208
1.2430997
1.1521597
1.071748
1.419069
1.0685409
1.2495217
1.3962513
1.1888187
0.9495319
1.2088614
0.96084815
1.3580872
1.1879481
1.1701361
1.2568905
1.221098
1.2931705
1.1129925
1.1167262
1.130907
1.4486303
1.3169434
1.2770014
1.2370074
1.0959995
1.2196856
1.2982843
1.3874806
1.2581189
1.0719774
1.3490491
1.2420707
1.2738712
1.2336124
1.2118142
1.0840583
1.1740801
1.3289913
1.0397637
1.3016516
1.0772477
1.1488428
1.3587343
1.1139823
1.2249368
1.257199
1.2264289
1.387583
1.1881156
1.1909049
1.1604825
1.3479817
1.1633897
1.3083107
1.2405708
1.1583395
1.182436
1.3121787
1.094037
1.2328541
1.108434
1.0566303
1.09922
1.261761
1.2869055
1.1475487
1.246132
1.1620737
1.0307543
1.1630825
0.96829665
1.3714838
1.3013577
1.2238088
1.2305495
1.0680615
1.1033955
1.0998536
1.1194409
1.1061859
1.1728419
1.4764754
1.3710537
1.3158869
1.2722266
1.0698438
1.1854653
1.1098378
1.06605
1.2980015
1.3889108
1.0906715
1.0744295
1.2164973
1.1500267
1.2626243
1.1046853
1.3092875
1.3165092
1.1968298
1.115113
1.1492515
1.2594157
1.1279649
1.2243794
1.07502
1.2736061
1.1511374
1.2126129
1.2229248
1.1532032
1.0832156
1.368563
1.0164932
1.1182315
1.3095276
1.2725288
1.0109452
1.0631745
1.1136174
1.1403447
1.2348146
1.2030971
1.2866523
0.87165594
1.0846034
1.2021415
1.2127733
1.3072102
1.1818103
1.3229747
1.2577921
1.1074418
1.259995
1.3599048
1.1553881
1.0890398
1.2023013
1.2273486
1.1536626
1.0878762
1.2750282
1.114709
1.1724186
1.0731975
1.3307157
1.2316836
1.0889798
1.2470047
1.2347573
1.2703272
1.1252861
1.3228152
1.1964653
1.2199645
1.3542558
1.2833314
1.1697044
1.2982591
1.3384615
1.3262585
1.3255855
1.3060093
1.2168052
1.0711305
1.1500192
1.0874732
0.9900256
1.2628529
1.233469
1.0915155
1.1246221
1.067327
1.1434584
1.1677349
1.1394323
1.091454
1.1761298
1.2855139
1.1417704
1.1944734
1.2098953
1.1122938
1.1694965
1.1981226
1.1367111
1.2102168
1.1114954
1.1633143
1.1263573
1.1998174
1.1788204
1.384505
1.2997214
1.1298072
1.2185341
1.2106419
1.0284488
1.089168
1.202467
1.1700716
1.2369905
1.0482596
1.1929071
1.0151172
1.1449729
1.1735486
1.2090929
1.2578918
0.98354113
1.1663038
1.1363065
1.1829385
1.0872924
0.9609865
1.1209345
1.3875557
1.2213471
0.9655231
1.1462979
1.2600907
1.2227335
1.2395408
1.3382242
1.2850142
1.2369466
1.2641662
1.2078458
1.4537994
1.1243051
1.1934093
1.1181433
1.1474338
1.2814398
1.2034944
1.198503
1.2922941
1.4149603
1.4060606
1.0182922
1.1271906
1.2062907
1.3988931
1.0268219
1.4427823
1.2010857
1.361829
1.1966916
1.2018257
1.1428204
0.97888637
1.0583947
1.1213832
1.3175458
1.1844871
1.146954
1.1835283
1.1386535
1.2140052
0.9625135
1.1523573
1.3250829
1.2965534
1.3019143
1.2261722
1.1275641
1.2029843
0.99329376
1.2882519
1.2747332
1.0856224
1.2017376
1.1399604
1.2993859
1.2213194
1.0741997
1.2568545
1.321099
1.2769864
1.1567891
1.1366735
1.1560543
1.2596326
1.3564938
1.2152729
1.0759826
1.0525199
1.2430127
1.1011738
1.0905488
1.1941245
1.16488
1.1650181
1.2232583
1.3109092
1.1210067
1.210124
1.1710763
1.2874551
1.1335857
1.1058018
1.340842
1.109618
1.0947423
1.0970817
1.2460521
1.0897315
1.0477871
1.2779832
1.2155638
1.3669457
1.2751245
1.2313014
1.1630795
1.3579301
1.1483294
1.2471467
1.2420651
1.2890296
1.0353873
1.2743155
1.2291543
1.1998554
1.1689289
1.1348605
1.2051247
0.99205995
1.1411082
1.0326792
1.1059632
1.2430198
1.3395599
1.224615
1.1441165
1.0657685
1.3033261
1.0121775
1.3358209
1.3435867
1.1522999
1.2467363
1.1533996
1.3916564
1.4356747
1.336523
1.0734265
1.2661109
1.1607358
1.1265035
1.2858365
1.3978479
0.88598275
1.0655578
1.3109124
1.2397879
1.2323992
1.307606
1.2626926
1.0660858
1.1100627
1.231556
1.1358962
1.1981821
1.2686405
1.3306035
1.1795465
1.2479043
1.1576148
1.0653073
1.2464882
1.0781381
1.2440842
1.2777101
1.2199123
1.1635845
1.2133608
1.2716365
1.0806038
1.2345548
1.3251688
1.0789269
1.2614031
1.1774704
1.2885354
1.236655
1.1598971
1.1111208
1.1288749
1.1369264
1.1546303
1.2790221
1.2754624
1.1108087
1.33662
1.1527597
1.3113122
1.1251312
1.0541818
1.0984054
1.2160769
1.2606971
1.2626216
1.1524562
1.2735207
1.1304439
1.269167
1.0911174
1.2717621
1.0298641
1.1859155
1.1138167
1.2524807
1.2725251
1.150996
1.1725174
1.2508566
1.1169474
1.2225282
1.3081324
1.1836581
1.2545233
1.1260219
1.236185
1.1341238
1.1448427
1.3107768
1.0385886
1.2183996
1.0822976
1.088737
1.1679739
1.2024204
1.20799
1.3395902
1.2877284
1.2899871
1.2790309
1.1704872
1.1544957
1.0968904
1.1111196
1.10274
1.3600802
1.1662729
1.1311961
1.2601203
1.2116691
1.1275097
1.0956413
1.2123404
1.2763852
1.0784189
1.0670013
1.2053003
1.348721
1.2097559
1.2294928
1.3061311
1.2814591
1.2068008
1.0809808
1.1098373
1.2482398
1.262556
1.0946515
1.1181403
1.2936326
1.0448377
1.0888848
1.1761749
1.1187627
1.1031476
1.2235894
1.0602423
1.0889568
1.1058649
1.2719687
1.0651212
1.1861782
1.2043104
1.1589702
1.1923206
1.193587
1.2812539
1.1483951
1.3375715
1.2718184
0.95521694
1.1928681
1.1481805
1.0968242
1.1281657
1.0179461
1.2438005
1.1279441
1.1148981
1.1812738
1.1705155
1.0948468
1.2267305
1.1426833
1.0697489
1.0378605
1.2150675
1.1327955
1.1040499
1.1812569
1.2765943
1.1429145
1.1961535
1.1812755
1.3051205
1.0718428
1.2848549
1.2243564
1.1548612
1.2732214
1.2520213
1.1419681
1.1386675
1.3173488
1.1766161
0.9994187
1.28501
1.1771524
1.3365326
1.2551833
1.2461983
1.1658901
1.0376005
1.2178695
1.0930982
1.0851281
1.264843
1.2906647
1.0238504
1.1259106
1.1217206
1.2005483
1.1476645
1.1281936
1.2549729
1.1868222
1.2020221
1.1659558
1.0381126
1.1150211
1.0956994
1.16861
1.2335695
1.0571778
0.99732935
1.0942873
1.0983664
1.079659
1.1198392
1.166591
1.1609257
1.3186634
1.4165444
1.049043
1.011838
1.0621822
1.0710559
1.1382427
1.1432418
1.1952387
1.0962067
1.3123778
1.1435388
1.1789247
1.1381133
1.0639755
1.0074089
1.2430545
1.1453089
1.0791566
0.9415238
1.1606369
1.2474799
1.1889211
1.121006
1.3183775
1.1491239
1.1966807
1.2391739
1.1901268
1.1508528
1.2240403
1.2846382
1.1826057
1.0455456
1.1165462
1.2202486
1.1383996
0.9599316
1.134984
1.0946213
1.373502
0.98544
1.1242144
1.1521759
1.1743832
1.1459118
1.1542541
0.9757657
1.0657761
1.1125776
1.1026763
1.2687467
1.0915551
1.0056747
1.1600504
1.1652656
1.1707159
1.0243735
1.1936496
1.2222182
1.2552121
1.182143
1.1430436
1.1541564
1.1646199
1.2608368
1.2093397
1.0851701
1.2751788
1.2156805
1.2381786
1.1795919
1.187546
1.1676699
1.2263521
1.2001092
1.2039847
1.1344507
1.0365064
1.1426749
1.1578829
1.1920031
1.2004149
1.2155629
1.1561141
1.1250476
1.1885067
1.2801325
0.95258135
1.3575041
1.3217068
1.2842007
1.1609352
1.4160824
1.212393
0.9590775
1.188539
1.27662
1.2631004
1.007032
1.0157248
1.1784497
1.1005169
1.1053109
1.2003001
1.245818
1.1487097
1.2626314
1.2635316
1.1376557
1.264385
1.196685
1.2041669
1.2390553
1.0404546
1.0652797
1.0958118
1.0685945
1.1575106
1.1641914
1.3086128
1.1540079
1.2013769
1.1287422
1.1912464
1.1888874
1.2140425
1.3293581
1.1687977
1.1735252
1.0708073
1.1813215
1.3041034
1.2329795
1.300096
1.2156013
1.3133475
1.0875882
1.1608235
1.2275424
1.2105906
1.0949211
0.91232884
1.2216281
1.0420215
1.2196343
1.0157915
1.1815758
1.0540107
1.1670297
1.0914651
1.2683913
1.3851442
1.2721238
1.1625829
1.0045371
1.1386001
1.194145
1.098158
0.94629073
1.1746726
1.1582654
1.2039278
1.316349
1.358671
1.1361076
1.3260801
1.1552048
1.1023674
1.339417
1.2467024
1.13426
0.92391104
1.1697752
1.2940407
1.1607182
1.1100788
1.2705097
1.2560009
1.1881553
1.1872334
0.9549948
1.4519198
1.4337434
1.1067631
1.13698
1.1178473
1.3436172
1.1073756
1.2991543
1.1310548
1.2805877
1.127283
1.2201827
1.1871235
1.1602354
1.2234434
1.3622863
1.1251552
1.4051204
1.0915631
1.267198
1.2725846
1.229022
1.0998929
1.1722189
1.3091007
1.1042159
1.0811203
1.3342946
1.0131195
1.084419
1.1260886
1.2383227
1.1548804
1.0492982
1.1883347
1.0572052
1.1386181
1.097959
1.2031626
1.2841679
1.1677173
1.1813747
1.1438116
1.1424017
1.3186644
1.1402967
1.1114596
1.1847512
1.262831
1.088272
1.0771902
1.1496631
1.2733102
1.1883723
1.1434083
1.1678121
1.0677722
1.1690128
1.0931509
1.1724185
1.1521693
1.0905476
1.0020815
1.1855478
1.1783434
1.1652695
1.2081264
1.0359915
1.0694928
1.0090472
1.122211
1.25429
1.1305821
1.1341643
1.0913017
1.2482492
1.2298188
1.0301478
1.1786215
1.1460085
1.1896095
1.082395
0.9794903
1.2338595
1.1685311
1.2942075
1.1330506
1.0105808
1.2258673
1.1457292
1.1675578
1.1426821
1.0260876
1.0848475
1.07553
1.0463858
1.2350984
1.284888
1.1478727
1.1636784
1.1471963
1.145603
0.99151456
0.9672116
1.1688328
1.1075091
1.2215621
1.1820269
0.9906579
0.9834729
1.153528
1.1870117
1.2145689
1.2531705
1.0280226
1.134486
1.0932372
1.0978646
1.0384481
1.1785406
1.2563077
1.1067848
0.96208334
1.1878821
1.2193485
1.1022341
1.0753598
1.3173339
1.3106074
1.1688306
1.2147819
1.192882
1.1255276
1.1897634
1.194341
1.1198189
1.0767256
1.0748988
1.1712748
1.2203124
1.2035401
1.10317
1.2374147
1.2929442
1.1239052
0.9763977
1.164844
1.16534
1.1517444
0.9759157
1.2636745
1.2601697
1.0495965
1.0086788
1.182214
1.285468
1.0804663
1.3517171
1.1263542
1.2822751
1.1100305
1.1239656
1.1358923
1.0908817
1.103515
1.1723001
0.9141981
1.1314216
1.0266368
1.0326111
1.0741111
1.1644585
1.3482757
1.0771602
1.1379349
1.1448578
1.2552987
1.1571344
1.2969933
1.1946315
1.1435602
1.2894921
1.0157735
1.1739122
1.2182535
1.1875821
1.3131343
1.1010399
1.0275174
1.1426055
1.1793048
1.2944006
1.2220958
1.2051611
1.198361
1.1705217
1.1262271
1.0866555
1.1435986
1.0516982
1.1415282
1.3066702
1.1509637
1.0698119
1.2374015
1.1883566
1.1436511
1.181925
1.3066871
1.1105089
1.1325974
1.088763
1.3308192
1.1163932
1.0841534
1.015212
1.0749236
1.2689979
1.2547079
1.041461
1.1044949
1.1724381
1.1740234
1.1278735
1.3330461
1.3072381
1.1586812
1.0449152
1.0920753
1.1125164
0.9428058
1.3921928
1.0419933
1.3438665
1.1450562
1.1235449
1.1452386
1.0544491
1.1881855
1.1002524
1.1770265
1.0684267
1.1574734
1.0375208
1.169463
1.2188454
1.1548052
1.0901225
1.0296819
1.0386149
1.0375798
1.3691547
1.1528314
1.1141944
1.2836908
0.94352835
1.2545244
1.2118905
0.95893633
1.2305382
0.9578129
1.0406476
1.1015455
1.145378
1.1995592
1.1265553
1.2549825
1.0813559
1.0048625
1.0704693
1.0735908
1.1027695
1.1319036
1.0928254
1.2213492
1.1942427
1.1561781
1.1718465
1.2697524
1.1241108
1.0917226
1.0217245
1.148496
0.99168736
1.2908688
1.2484982
1.2044446
0.99430406
1.205369
0.9875635
1.1227452
1.2144599
1.0268366
1.1187183
1.1577581
1.2050878
1.3795681
1.0097425
1.1042624
1.2889228
1.185823
1.047114
0.97428346
1.1846757
1.2709
1.1384509
1.0678734
1.1546901
1.1948931
1.1205093
1.123867
1.2118793
1.1785575
1.1765108
1.2157154
1.0810133
1.2469465
1.1097503
1.0553958
1.2164352
1.0836699
1.1053463
1.1555709
1.06543
1.0646083
1.175314
1.09001
1.1947472
0.97655445
1.2318531
1.2284006
1.14313
1.2032135
1.1529839
1.1113389
1.3007416
1.1229297
0.9483803
1.0988127
1.1650957
0.9988756
1.0470488
1.0185102
1.1611621
1.154008
1.1396687
1.4156871
1.4031245
1.2709066
1.1150348
1.3078665
1.1523073
1.0189533
0.9874538
1.0660672
1.046032
1.0018939
1.2060361
1.1132746
1.3620422
0.9681709
1.275979
1.1193718
1.098697
1.1920109
1.2627237
1.3668742
1.0418954
1.0421823
1.0992444
1.1667178
1.0326852
1.1683116
1.2336706
1.2391343
1.1892469
1.200127
1.1892173
1.1569328
1.0990336
1.073808
1.1379796
1.0700953
1.3631763
1.3590097
0.9963865
1.2061157
1.1481061
1.1589146
1.2714541
1.209696
1.1640384
1.0840365
1.1967365
1.1592128
1.1625221
1.3755684
1.0628465
1.0448599
1.1334859
1.1521848
1.2279465
1.0732965
1.0939932
1.009285
0.97908485
1.2072859
1.0755197
1.0628748
1.2418808
1.0542462
1.298484
1.164647
1.1418113
1.1040708
1.1468451
1.1079057
1.1252301
0.9925599
1.2510622
1.3038604
1.2440803
1.0690985
1.1762106
1.0724108
0.9799712
0.95001173
1.1361057
1.107586
1.1578977
1.147841
1.019094
1.0750278
1.1683288
1.1264045
1.2065344
1.1418785
1.0502805
1.2733717
1.1057994
1.1809007
0.92034113
1.3236701
1.338228
1.120928
1.2543854
1.2022444
1.1943951
1.0991683
1.0226605
1.1245012
1.140401
1.230514
1.1608086
1.0184844
1.2010148
1.291223
1.1734381
1.2150977
1.2142735
1.1888026
1.2633463
1.2813816
1.1468878
1.0174435
1.331745
0.97156477
0.94200927
1.000463
1.3319308
1.2401296
1.1162302
1.1789476
1.1266439
1.1806135
1.1107583
1.0860859
1.3070848
1.2730916
1.1818513
1.2039728
1.1780521
1.127851
1.2377174
1.1176144
0.8788021
1.1822004
1.2103871
1.1336839
1.2171427
0.90963376
1.1760974
1.2275376
1.1476638
1.2089474
1.2136642
1.2037486
1.1462325
1.2551516
1.1477014
1.0705514
1.00908
1.0702965
1.201365
1.0151933
1.2263004
1.0003817
1.2233794
0.90914065
1.0533123
1.1700647
1.0655438
1.287275
1.1237184
1.0812398
1.1503022
1.2788516
1.2351766
1.1550612
1.0636336
1.2048004
1.0724275
1.3150775
1.0598351
1.1888654
1.1592281
1.0577316
1.2359729
1.3374887
1.2020036
1.1062135
1.2947049
1.1663468
1.048348
1.0463275
1.0792745
1.0190531
1.2182087
1.0342386
1.2522788
1.1155182
1.1550651
1.1582627
0.9915514
1.2057616
1.0128081
1.0927244
1.1540145
1.0695369
1.034184
1.1902548
0.9919472
1.0235032
1.0599426
1.0266701
1.0042562
1.2049884
1.063643
1.0510225
1.1239742
1.055661
1.3283188
0.9591163
1.0833051
1.0095928
1.3059846
1.2738264
1.0215642
1.0052482
1.2283164
1.0220654
1.1508358
0.9847182
1.324473
0.94271046
0.9751187
1.3543767
1.0222332
1.2079343
0.9418614
1.1714869
0.9888512
1.1520529
1.0288453
1.085463
1.1502783
1.2039273
1.323519
1.0834836
1.287087
1.0194454
1.1464481
1.0684533
1.0376085
1.010981
1.1402053
1.1092151
1.1524067
1.1079221
1.0540923
1.2363665
1.1030453
1.3379492
1.1555564
0.9689599
1.0607514
1.1296543
1.1091236
1.200997
1.1588624
1.1584729
1.2014796
1.2188056
1.2805802
1.2794168
1.1274385
1.0618551
1.1223426
1.0822384
1.1572156
1.1474754
1.1173742
1.0646472
1.0756139
1.2993636
1.0544791
1.0265435
1.3674579
1.2806864
1.1440673
1.2285476
1.0964048
1.0657563
1.262799
1.3466128
1.2084898
1.0829767
1.057765
1.185411
1.2141798
1.1730193
0.9845823
1.1168485
1.1076932
1.2651343
1.0643513
1.1265591
1.0700952
1.2908022
1.1000462
1.2104874
1.3673495
1.1626
1.2750516
1.1860924
1.3129184
1.080626
1.2746906
1.2272763
1.074913
1.1491636
0.85293984
1.2218277
1.1465682
1.119196
1.1224196
1.0614783
1.2238684
1.2908809
1.1346729
1.078176
1.1048325
1.0997964
1.1152351
1.0910522
0.996906
0.9614106
0.96372205
0.9765611
1.1133654
1.1941514
1.0976404
1.1079271
0.86519074
1.1511704
1.0363827
1.073416
1.0434055
1.2017912
1.1587498
1.1491203
1.2163619
1.067718
1.2257704
1.2783587
1.2692657
1.0593095
1.0833074
1.1965215
1.3020303
1.1627523
1.0466847
0.9911308
0.9375262
1.0725853
1.2902288
1.136742
1.0570993
1.0908449
1.1355655
1.0687462
1.2354809
1.1097205
1.1586456
1.0998101
1.2956443
1.1524781
1.0173291
1.0918618
0.99142885
1.0745213
1.0904847
1.0364137
1.0642699
1.1388012
1.1728384
1.3039209
1.1569984
1.1729093
1.2704024
0.9843582
1.1880639
1.142503
1.076659
1.0975842
1.0536432
1.1583563
1.1108606
1.0797863
1.1055778
1.1986376
1.1061676
1.0752251
1.1764932
1.14281
1.0933994
1.325627
1.2950552
1.2320685
1.2016714
1.1421419
1.0729021
1.2425325
1.1056997
1.1110177
1.154294
1.0601273
1.2124476
1.1808715
1.178206
1.0776945
1.1105427
1.1811196
1.0879031
1.1648967
1.2948267
1.1832371
1.1551752
1.1779552
1.0347602
1.1670967
1.1877077
0.88283217
1.1523739
0.93985236
1.059568
1.142175
1.2184802
1.0342593
1.186378
1.2552917
1.1221495
1.1554232
0.95708007
1.2814015
1.0585791
1.2552155
1.1194863
0.9936179
1.1507272
1.1167895
1.1322691
1.1690079
1.3421996
1.219804
1.1424567
1.0583189
1.1173844
0.91379213
1.0174979
1.2220744
1.1003428
1.1750076
1.2709714
1.09935
1.0247803
1.1027325
1.1346943
1.0955964
1.1938744
1.0808775
1.1028519
0.9395502
1.0724328
1.0648165
1.215395
1.1898535
1.1179879
1.3312154
1.0239942
1.0434797
1.1090808
1.2401454
1.1297491
1.0268748
1.1106211
1.1304682
1.1229607
1.1514608
1.2480478
1.1105106
1.2073514
1.1227756
1.0860956
1.0749576
1.2130482
1.2315283
1.0390391
1.1624384
1.1623816
1.1221488
1.2515168
1.0523881
1.2006054
1.1371828
1.1473091
0.9584236
1.2295237
1.1428323
1.1629387
1.0949937
1.4368262
1.1443554
1.1457086
1.0928936
1.1044878
1.0769749
1.1678925
1.1023599
1.2331432
1.0058357
1.0462456
1.1675968
1.0990169
0.9188859
1.0251174
1.1257331
1.0481155
1.1693063
1.1354363
1.0001171
1.1704156
1.1360925
1.1908913
1.1562698
1.0507817
1.0701144
0.92774
1.1604575
1.0113437
1.1727128
1.0486473
1.1426969
1.2110492
1.1500063
1.2026689
1.2026618
1.1485069
1.1908879
0.9823959
1.1167318
1.06892
1.0584867
1.1365794
1.0877725
1.1977454
1.1615384
1.1545686
1.1624376
1.0104003
1.3083344
1.189569
1.2633802
1.0494539
1.1192106
1.1241734
1.2342325
1.0979496
1.120199
1.0351884
0.9043719
1.0787559
1.029454
0.9258926
1.1269577
1.2104199
1.0877725
1.0054271
1.1712083
1.0977612
1.0482813
0.94830066
1.1156521
0.95168865
1.145801
1.0118369
1.2347806
1.1678026
1.0301762
0.95250094
1.1455507
1.2270613
1.0221374
1.1886375
0.96687055
1.1406529
1.0717331
0.98000956
1.0826471
1.0936552
1.1854298
1.2155328
1.1915631
1.0040312
1.1768972
0.9432363
1.0414865
1.2337216
1.3103058
1.1363747
1.098438
0.8756584
1.3772864
1.2767496
1.2095914
1.0431834
1.0771282
1.0422478
0.9366591
1.0339243
1.2656476
1.022008
1.194668
1.0205207
1.0308716
1.1063398
1.105268
0.9359474
1.1118555
1.1832465
1.0855205
1.1878204
1.0503356
1.2337205
1.139406
1.2213451
1.1925522
1.1026723
1.1642913
1.2616106
1.1336162
1.1769882
1.1355221
1.0490413
1.1046488
1.018871
1.0766534
1.2072582
1.2765849
1.0941346
0.99504787
1.1971612
1.2760196
1.0526279
1.0686152
1.2015765
1.1101949
0.9444181
1.1465845
1.1359023
1.0754927
1.181999
1.0734911
1.2630327
1.132439
0.91018426
1.080913
1.1245689
1.2149358
1.0734087
1.0721613
1.1007012
1.0969808
1.1652243
1.1410899
1.1453334
0.8839736
1.0561625
1.3245714
1.0422183
1.1123427
1.1201793
1.3164694
1.0553968
1.311131
1.1427518
1.2814945
1.3861194
1.0816685
1.1782337
1.0183651
1.2042059
1.0930798
1.2961781
1.0703523
1.1279886
0.98998976
1.0466335
1.2401357
1.0639466
1.1213384
1.0891614
1.0229484
1.1045883
1.0306435
0.96798456
1.1793661
1.1303761
1.0417671
1.1086494
1.229641
1.2230455
1.1098287
1.0852789
1.0097008
1.0131804
1.1623532
0.8526312
1.2626394
1.0057404
1.0959368
1.3011695
0.9438423
1.0076333
0.86484367
1.1388389
1.1034269
1.0152733
0.9093487
1.2285606
1.239887
1.0542848
1.1228898
1.0371826
1.1483526
1.2693707
0.9987426
1.3016309
1.0978775
1.208079
1.1030431
1.1078892
1.0355968
1.2040355
1.1499128
0.98990417
1.1128266
1.1298196
1.1723957
1.0508225
1.1905181
1.062592
1.2042028
1.023362
1.2093828
0.8829951
0.9481572
1.0764527
1.1071651
1.3833073
1.0364903
0.9677809
1.0843517
1.1542746
1.1673084
1.1677043
1.1942877
1.0354667
1.1914824
1.2202603
1.0253701
1.0141342
0.94784236
1.088527
1.1700065
1.1908742
1.2554243
1.0315238
1.1178064
1.1650434
1.1072463
1.198211
1.0274187
1.1503857
1.2675415
1.151317
1.2057049
1.11746
1.2472861
1.2702675
1.0782856
1.0270444
1.0546488
1.1430092
1.0939316
0.96695507
1.2602811
1.0810018
1.0635486
1.2045889
1.1023765
1.1179543
0.9563776
1.0344429
1.0865467
1.1256704
1.1993263
1.1865466
1.168179
1.2240018
1.1847696
1.1160593
1.0432324
0.97701645
1.0754383
1.2506173
1.0008792
1.1618083
0.97118354
1.1576968
0.9518016
1.0009168
1.1314557
1.2389822
1.201039
1.078843
1.1061311
1.2590528
1.197611
1.2118152
1.2382506
1.1360747
1.1247859
1.0076832
1.1356938
1.1867757
1.1884308
1.2596954
1.0796113
1.1458251
1.1202743
1.2149129
1.1245519
1.0649718
1.2377889
1.2460369
1.1682862
1.0676684
1.0432662
0.85124326
1.1690614
1.1204133
1.3339458
1.1242776
1.0851077
1.2433554
1.1743245
1.0864592
1.0310186
1.0470264
1.2141377
1.1873487
1.1070367
1.1104004
1.3322537
0.9247016
0.99610543
1.0926869
1.0619476
1.1691036
1.1277668
1.0559572
1.1028976
1.126468
1.1969228
0.95289505
1.0773196
1.1164033
0.9517595
1.1669657
1.0359164
1.0616281
1.2874261
1.2392788
1.047947
1.0983996
1.18607
1.2905335
1.1503289
0.9322146
1.1114272
1.1072564
0.9273556
1.1250248
1.134129
1.2657793
1.1032639
1.2695615
1.2460111
1.2548163
1.0608335
1.0806828
1.1728064
1.2159843
0.865274
1.0744557
1.0617042
0.9071296
1.1840788
1.1183021
0.9921199
1.067385
1.0759071
1.0624785
1.0514338
1.1129345
1.0874836
1.1411841
1.0898975
1.0876374
1.0108762
1.260782
1.0100826
1.1135037
1.101942
1.1360166
1.1509429
1.139113
0.89863676
0.9971469
1.1798816
1.1570303
1.0582261
1.0675646
1.1842334
1.1725496
1.0987284
1.1239892
1.1891887
1.149619
0.93686724
0.85333645
1.0007386
1.112469
1.1642194
1.0720209
1.1771045
1.1380305
1.0373411
1.088975
1.082653
1.0350692
1.1093689
1.120884
0.9057442
0.92409456
1.054993
1.1274911
1.0845702
1.0938112
1.0516455
1.2009915
1.2036208
1.1357417
1.1744039
1.1658392
1.0689486
1.0105995
1.0790927
1.0410409
1.3276467
1.1726233
1.2010391
1.1081983
1.1307185
0.9289842
0.94554317
1.1360338
1.2927659
0.99228084
0.9718287
1.2099688
0.9961591
1.2316222
1.0151207
1.0004141
1.1855897
1.0946152
1.193716
1.1358209
0.95590866
1.0914544
1.1993645
1.1698636
1.1366136
1.183563
1.1780765
1.1116143
1.2357336
1.0533715
1.2126157
1.1426765
0.9904642
1.1742988
1.2936227
1.191507
0.9907315
1.2282162
1.1509486
1.1152284
1.0211992
1.2133752
0.9940655
1.0969357
0.92520404
1.1029292
1.1534848
0.88759303
1.1116694
1.0095417
1.0490887
1.0720526
1.2047536
1.0113246
1.116425
0.9982373
1.1777223
1.0739323
0.88119733
1.041156
1.208159
1.0117719
1.0598183
1.122009
0.96011
1.0653679
1.0601568
1.1558877
1.2695264
1.1766642
1.2089412
1.1570965
0.98165405
1.1922305
1.4619583
1.0505333
1.0224077
1.1644369
1.2557284
1.0596082
1.1729128
0.9291439
1.0726558
1.1957757
1.1184478
1.2073373
1.0038869
1.2364793
1.0616784
1.0279808
0.9392153
1.0621244
0.8613236
1.0529242
1.1921839
1.0761226
0.9584224
1.131913
0.98130846
1.007256
1.2376432
1.2453101
1.1762443
1.1856408
1.2272552
1.0634326
1.0655168
1.1859419
0.9516454
1.0532779
1.2513336
1.1602461
1.145296
1.2793375
1.2890444
1.2074648
1.1336687
1.094417
1.1504488
0.98588026
1.1896446
1.126445
1.1388621
0.99218583
1.0758945
0.951522
1.1082854
1.0600536
1.046622
1.1579504
1.2959204
1.0519229
1.2506593
1.0914781
1.3900766
1.0275066
0.91143465
1.1330568
1.1937325
1.243022
1.1676182
1.2119745
1.2925304
1.0506859
0.8791106
0.8926817
1.2533145
1.1379427
1.1046103
1.173718
1.2457689
1.1760374
1.2040409
0.9187856
1.1193659
1.1244434
1.0879605
1.2384205
1.244409
1.119237
1.1539614
0.99364114
0.9114238
1.2315193
1.0951433
1.1732014
1.1652604
1.0579834
1.1191999
1.2237592
1.1923693
1.1268233
1.0061033
1.177935
1.0399351
1.129644
1.0864193
1.1106766
1.0648019
1.0295333
1.0505435
1.0648997
1.19197
1.2684652
1.0636593
1.0777292
1.2675034
1.0149896
1.1916269
1.0923316
1.1296732
1.2509403
0.95092213
1.0121423
1.3031768
0.92846173
1.0539984
1.0930296
1.0792611
0.9364158
1.0371586
0.9498813
1.2882011
1.1042172
1.0554044
1.1742024
1.0245111
1.1742479
1.0315293
1.0811397
1.3018005
1.1416137
1.1154909
0.9688904
1.04959
1.2851421
1.0291493
1.1033676
0.9755386
1.1321478
1.2435474
0.9062289
1.1678802
1.1628114
1.1911483
1.0732253
0.9916003
1.0558233
1.2472727
1.166686
1.0325676
0.88944244
1.0256841
1.088658
0.9638334
1.086334
1.3029778
1.0861694
1.107153
1.1671996
1.2187672
0.92045873
1.0714206
0.9642278
1.13448
1.1682657
1.0165912
1.033287
1.0471263
1.0842041
1.0546606
1.0569177
1.0354576
1.1145599
1.131604
1.2640152
1.1913114
1.0305686
1.0803005
1.0008738
1.051666
1.0353296
0.9319875
1.0177479
1.2334851
1.0936723
1.2451179
1.1422007
1.0866793
1.2002864
1.1154195
1.0041894
0.983864
1.0701531
1.2348866
0.9985549
1.0478235
1.1679013
1.1888626
0.9018916
1.0169876
1.1766708
1.0268261
1.0807998
1.1684498
1.2382107
1.1003501
0.9864632
1.185715
0.86411345
0.99570835
1.2372943
1.2186155
1.1254855
1.1638286
1.1330155
1.0020413
1.1667781
1.1060936
1.0005269
1.1139165
0.99515676
1.0935912
0.9982056
0.9092225
1.1667031
1.2180879
1.0937142
1.124722
1.3666408
1.0176167
1.0672714
1.0007105
1.2663941
1.0029843
1.2146578
0.95112455
1.2094896
1.0247475
1.0234951
1.1296273
1.1554084
1.1169919
1.0292057
1.219605
1.3015695
1.2024047
1.2090516
1.0418469
1.1445401
1.0377259
1.1577405
1.205204
1.0707908
1.0104172
1.0865934
1.2172284
1.0361254
0.96371776
1.2230843
1.1030636
1.2083776
1.1565722
1.1860721
1.0238897
1.0692828
1.0141634
1.133026
1.0172682
1.0636888
1.0991442
0.9967207
1.1175485
1.091685
1.1549084
1.0374146
1.2310851
1.1087916
1.1022367
1.3159347
0.9272178
0.87368494
1.1353407
1.0543182
1.2788117
0.9542692
1.1682998
1.0141249
1.0751419
1.0927349
1.0244834
1.0337844
1.0570366
1.3679028
0.9191909
1.0093496
1.0554683
1.0636964
1.1602373
0.9141878
1.0486609
1.1661984
1.2076132
1.203509
1.0396397
1.1707345
1.0502864
1.0817986
1.0118083
0.9921931
1.0411235
1.1454787
1.2397413
1.1948627
1.0577141
1.1343467
1.0722601
1.0021342
0.9938041
1.2713218
0.91631824
1.0592046
1.1390392
1.2185558
1.023538
0.98005366
1.0522687
1.3201013
1.0308256
1.093394
1.1111562
1.0444576
1.1463714
1.1924183
1.1634738
1.2361424
1.1242394
1.2006353
0.89139336
0.98325086
1.1910331
1.0548661
1.0112331
0.99408036
1.1311338
1.1992126
1.1143379
1.1507251
0.9760721
1.1678321
0.9631421
0.9752882
1.0878966
0.96304035
1.0040947
1.1187929
1.2517959
0.9034829
1.1178358
1.0192465
0.907946
1.033314
1.1856134
1.0933443
1.113754
1.015891
1.2524931
1.0563116
0.98940516
0.83553255
1.0717524
1.0668262
1.1009367
1.0034106
1.0562483
1.2134533
1.143376
1.2503476
0.8205792
0.9165833
1.1643516
1.1297745
0.8714547
1.1495085
1.0320846
1.2053692
0.98661566
1.1875038
0.8484942
0.9988339
1.0801209
1.327655
0.9057827
1.2355055
1.0488393
1.1462164
1.0599232
1.1233008
1.1817945
1.0309929
0.96814275
1.050663
0.9989048
1.2112665
0.9846494
1.0480407
1.0311333
1.0783943
1.1899812
0.92600656
1.0736558
1.0405215
1.1818106
1.1266396
1.0874591
1.026396
1.3263497
1.1691129
1.1353273
1.0066077
1.2626326
1.1358372
1.2237653
1.1535726
1.0303371
1.2201611
1.2419574
1.1076183
1.0767303
1.0440258
0.9312505
1.2411344
1.0270426
1.1097127
1.0696226
1.0554594
1.2041069
0.96496534
1.1282259
1.0079477
0.9042217
1.0659249
1.0816557
1.2293025
1.123832
1.3037639
1.0885625
1.2156472
1.058273
1.2970363
1.0025976
1.2131474
1.1266096
1.1400449
1.107015
1.0169771
1.0471588
1.1045638
1.0044072
1.0450256
1.1760507
1.1355474
1.0365661
1.1233476
1.2053403
1.1336371
1.2280358
1.1882895
1.0113832
1.1233867
1.0949945
1.1932822
1.0807308
1.2661598
1.0132668
1.0915734
1.1812592
0.9996358
1.1201284
1.0833466
1.0937878
0.9714351
0.8697152
1.0759201
0.9844425
1.1293164
1.1245614
1.130151
1.1587949
1.0787438
1.1246755
1.0617596
1.0358921
1.1370643
1.1181028
1.0517244
1.1212451
0.8794714
1.0823003
1.0338799
0.9349326
0.9434819
1.1669698
1.0231614
0.9654365
1.0990093
1.2413924
0.98270595
1.1003044
0.9589277
1.1566851
0.937304
1.1737467
0.9886043
0.969144
1.1381497
0.8316143
1.2559896
1.0940907
1.1031687
1.1033868
1.0403317
1.1411097
1.0769585
1.1099337
1.0619124
1.0356
1.1492431
1.0201899
1.0317801
1.0437722
1.1156719
1.0533355
1.267452
1.0782062
1.176228
1.1728868
1.1824589
1.0227337
1.0740849
1.216687
1.030321
1.2032189
1.0017318
0.99157053
1.1474459
1.0067915
0.9957174
1.0657849
1.1198659
0.86583203
1.1645504
1.074091
1.1416872
1.1056874
1.0919412
1.1964867
1.1050625
0.8973576
0.9140147
1.0017004
1.0341755
1.0832937
0.88052577
1.0209188
1.0897025
1.0496054
0.96388197
0.9244166
1.0351802
1.1076605
1.0999892
1.198971
1.015382
1.0961845
1.1966829
0.9411117
1.3916548
1.2181756
1.0753859
1.0572985
1.0064602
1.1467944
1.0793841
1.2620397
1.0333034
1.0748364
1.1200424
1.00669
1.0739292
1.11508
0.99066496
1.0972862
1.1538934
1.0621998
1.1071411
1.0397027
1.2150006
1.1228958
1.0949781
0.9380061
1.0912566
1.0915147
1.0886309
1.144398
0.950691
1.0337682
0.9986942
1.0041363
1.159251
1.0144204
1.1522676
0.9706623
1.1175909
1.1216248
0.95651054
0.9775617
0.9208989
1.0261914
1.0226946
1.2518172
0.96674824
1.2025087
0.9386363
1.022968
1.1652845
0.99708354
1.0573107
1.3036582
1.2872536
1.1783558
0.9684369
1.0131845
1.0268396
1.0826812
1.0595859
1.1461123
0.9474644
1.035094
1.2537318
1.0294623
0.85574347
1.0178379
1.2253959
1.1483945
1.1046915
1.0082357
1.0386355
1.319299
1.0397251
1.0754807
1.097388
0.9871816
0.9929106
1.1132941
1.4444052
1.0438712
1.0449476
1.0638113
0.92313886
1.1457037
1.0465688
1.0174612
1.1835417
1.0630623
1.1522697
1.2079713
1.2917135
0.9551828
1.1002963
1.1773226
0.9486207
1.0860195
1.0982801
1.214148
1.1536856
1.173945
1.362967
1.0893118
0.9534277
1.087593
1.1097543
1.0311161
1.1289278
1.2517533
1.1584358
1.0793142
1.0374897
1.1158035
1.0777223
1.1336992
0.9828913
1.033373
1.1345055
1.2352852
0.9651336
1.1347786
1.0961483
1.1859921
1.002823
1.2733899
0.95496976
1.1349049
1.1123627
1.1109366
1.0959201
1.0609102
1.1239009
0.9853141
1.0894198
1.1039733
1.0240476
1.0111632
1.0726849
1.0261381
1.2680233
0.9208969
1.2028224
1.0228026
1.0181667
1.1911321
1.1082519
1.1252693
1.1379664
1.1303862
1.149202
1.1243149
1.2048149
1.0322481
1.0222012
0.9913862
0.83056295
1.0798538
1.3406148
0.98026586
1.1095451
0.9875816
1.0824881
1.0572808
1.0071657
1.0510199
1.2069494
1.0278277
1.0819759
1.100792
0.80134887
1.0009915
1.092914
0.9813993
1.2755219
1.0252914
0.96745825
1.0447379
1.1718116
1.1134534
1.158243
0.81892455
0.99575025
0.96045756
1.2095168
1.165029
1.1640896
1.0757062
1.174803
1.0593798
0.86764306
1.1629735
1.1303174
1.0036111
1.0671865
1.0235051
1.0248266
1.2458533
1.1359633
1.0926889
1.1431805
1.2448946
1.0870847
1.1796604
1.1116725
1.005656
1.1885624
1.0506915
1.1387687
1.0467255
1.3281344
1.1591709
0.9895764
0.94818544
1.2934798
1.1319981
1.1352285
1.1265119
0.8077063
1.066751
1.0079913
1.2256666
0.9931491
1.0622163
1.0915782
1.0084317
0.92678887
1.1689812
1.0027412
1.1732194
1.0210205
1.220429
1.1105042
1.03171
1.1254077
1.0191472
1.1066346
1.066978
1.1264336
1.0242342
1.0593941
1.1837435
1.0690293
1.2426561
1.2633882
0.95085555
1.2964725
1.2173202
1.042672
0.94455457
1.0421487
0.9395286
1.140309
0.95670754
1.1024516
0.97338814
1.2529674
1.1536319
1.1386526
1.0675113
0.8820993
0.95098186
0.9774921
1.0393525
0.9913776
0.745199
1.1388535
1.1766076
1.074441
1.0275341
1.1977127
1.0030383
1.025249
1.2593689
1.3959903
1.1617734
0.98103774
1.1374886
1.1065181
1.0251527
1.051306
1.2423435
1.0958228
1.0979545
1.2139261
0.98103994
1.0984256
1.0677161
1.0185993
1.1148767
1.1189244
0.9822215
1.1897091
1.1963421
1.2489003
1.0025334
1.0333302
1.190624
1.1390973
0.8517133
1.1377556
1.2882323
1.240341
1.1107728
1.0774297
0.8341023
0.9890219
1.1410244
1.0935729
1.0099976
0.99014235
1.0561571
1.156755
0.9592538
1.1365602
1.1058614
0.9989766
0.9653139
1.03668
1.1681889
1.1710082
1.1460718
1.1321963
1.1165779
0.9450962
0.9405697
0.96371377
0.9392874
1.0646433
1.0155495
1.1557294
1.2074416
1.1074216
1.0040935
0.9775429
1.1552063
1.0804765
1.2265961
1.1468201
1.059062
1.0506371
1.0260308
1.1715007
1.3209225
1.2095969
1.0885028
1.1565799
1.002176
1.148762
1.1067986
0.96180046
1.2161791
1.2011864
1.2335219
1.0596125
1.2922336
1.0878129
1.0184693
1.2531382
1.1797173
1.1535051
1.2024184
1.0805306
1.0951039
1.0346588
1.0089288
1.2248436
1.0307157
1.1565633
1.0457448
1.0895678
1.1471177
0.95484734
0.9118471
1.1778811
1.102565
1.2753493
1.0281289
1.0658516
1.0291646
1.0894599
1.0122274
1.0183659
1.081732
0.99999034
1.2196515
1.2627654
1.151486
1.038415
1.0513202
0.89045703
1.13398
1.0130122
1.1029615
1.1095612
1.2481935
1.0676796
0.9244831
1.1528573
1.0008497
0.90762943
0.837155
1.0895922
1.1016032
1.3197196
1.2189114
1.1973258
1.0396866
0.92294914
1.0308441
1.0401027
1.0617723
1.093246
1.243102
0.9893321
1.0821794
1.010456
0.9426094
1.1805803
1.0489254
1.3386207
1.2024777
1.1463268
0.9998813
0.93478674
1.0006669
0.9693317
0.99025047
1.0391256
0.80658317
1.0064203
1.0126591
0.94128627
1.0962425
1.1767972
1.1137323
1.196186
0.9497168
1.0156173
0.9297382
0.98977435
1.168174
1.0503439
1.0364009
1.2905715
0.93282807
1.054188
1.1958134
0.9014301
1.0449184
1.1075215
1.0033684
1.1211991
1.0273169
1.1470132
1.0755286
1.0288591
1.1392787
1.0993266
1.0000093
0.75676775
1.1841431
1.0135546
1.0360005
0.90786153
1.1694967
0.9784938
1.1089742
1.0366316
0.95936424
1.0764691
0.8800423
1.1250415
1.1869786
0.83950937
1.3163904
1.0226594
1.0480597
1.2390301
0.8867788
1.2291129
1.0540324
0.9590023
1.2061087
0.95523435
1.0226008
1.1329362
0.99098694
1.1690799
1.1295033
1.1385157
1.0070524
1.0151118
1.1027765
1.0052454
1.1846936
0.9705198
0.9606974
1.1300377
1.0713617
1.290571
1.1476969
0.93592644
1.1628165
1.1598699
1.0997887
1.1176987
0.9756359
1.0308702
0.9878892
1.0592005
1.0423402
1.0470229
0.9976059
1.0639914
1.0736756
1.1133116
0.94148177
0.9134083
1.0559218
0.9236299
1.0217732
1.2220249
1.0072206
1.0209306
0.8594907
0.9506998
1.0781081
1.129533
1.0139837
1.1350887
1.1681752
1.1500102
1.1019613
1.2396723
1.0236536
1.0305567
1.1535721
1.0522764
1.1652703
1.1444631
1.120486
0.8310462
1.0477465
1.1157563
1.0804719
1.0777267
1.0259372
1.1619698
1.2561857
1.2219474
1.1191895
1.0945518
0.9642482
1.0515206
1.0043546
1.1733103
0.9859961
0.95613635
1.1407558
0.9532917
1.135354
0.9943696
1.1181433
0.9968784
1.0717549
1.2132614
1.0306711
1.1300759
1.0033085
1.3523033
0.931814
1.0619174
1.0315394
1.1911497
0.9922093
0.9898889
1.2294096
0.9969988
1.0035539
1.0682361
1.4328876
1.0506748
0.9414988
1.0072911
0.79562724
1.0654267
0.94326997
0.8649581
0.95235646
1.0480939
1.1285119
1.2780571
1.0970099
0.9571418
0.95400953
1.0364683
1.0765797
1.0262204
1.1737337
1.0177433
0.9884732
1.1663327
1.1318102
0.9139673
0.9250951
0.9462254
1.0894665
0.9979207
1.0339617
1.0165367
1.0017092
1.2012025
0.9586625
1.3278575
1.1415033
0.98220104
1.0965014
1.0522805
1.0530683
1.0318352
0.941277
0.9042469
1.2521598
1.0481969
1.0976245
0.99152815
0.9653261
1.1477436
0.93020535
1.1123432
0.9861861
1.1341035
1.0155526
1.105183
1.0402642
1.06405
1.0730908
1.020885
0.99962485
1.0662076
1.0597063
1.2037159
1.0835669
0.9457714
0.8994858
0.91417277
0.83514154
0.9202394
1.1102402
0.97061574
0.9962436
1.0296757
1.2005696
1.1423457
1.235769
1.0855818
1.1559561
1.2193408
1.0635228
0.8176048
1.0178998
1.0129619
1.130255
1.0125995
1.0997763
1.1783439
0.9376254
1.0997373
1.0428355
0.9615319
1.1175845
1.2376289
0.94940233
1.0296221
0.9193877
1.0651361
1.033961
0.9793603
1.0730355
1.2900155
1.1507368
1.1450051
1.0829594
1.1773264
1.1363255
0.94490397
1.0568073
1.0830979
1.1214715
1.0485517
0.88406014
1.1690154
1.2703441
0.98194474
1.332334
1.1219094
1.0245479
1.1597043
0.98643255
1.1354702
1.2645425
1.1083436
1.1165398
1.0783963
0.98819005
1.0910877
1.0643804
1.1008162
0.9473313
1.3432156
1.2368188
1.1785328
1.0690507
1.1778246
1.0915736
0.94883525
1.152484
0.97629327
1.2128651
1.1354122
1.0200558
0.8457867
0.93105245
1.0734708
0.9767478
1.0625131
1.118309
1.0172284
1.0945067
0.9182618
1.2591717
1.0344765
1.0348719
1.1204405
1.0420995
0.8785151
1.0512447
1.1212395
0.92675567
0.72386074
1.0653611
1.198653
1.0232439
1.016112
0.9775255
0.9795426
1.0742157
1.1276633
1.0046084
0.97217476
1.0162311
1.0734336
0.82789373
1.022514
0.935159
0.9128294
1.0753644
1.0319458
1.1044835
1.1271164
1.1220101
1.1215649
1.0538573
1.064902
1.0039082
1.0551765
1.0936437
1.003187
0.9882202
1.0718927
1.2351868
1.0766706
1.1427673
1.0631828
1.02124
1.1562102
1.1626668
1.002685
0.98619616
1.0622197
1.1445625
1.0780079
0.9929048
1.1595162
0.94281465
0.9969201
1.0918161
0.9864864
1.1452416
0.9986059
0.87295914
1.0563213
1.130168
0.8644042
1.0953975
1.2433535
1.0597501
0.93082494
1.0705283
1.0955341
1.0180824
1.1851249
1.2590494
1.0993847
0.8763187
1.19062
1.2753358
0.9911144
0.8888191
0.8189155
1.0830208
1.179762
0.98947144
1.0032986
1.0579216
1.1848358
1.2295845
1.0817888
1.19121
1.0433621
0.9334018
1.1253505
1.069727
0.9850106
1.0073963
0.7778129
1.1192302
1.0441658
0.9659995
1.01566
1.0794535
0.94648963
1.0880343
0.9938315
0.9784039
1.0918334
1.1460677
1.1604809
1.0718682
0.95649153
1.1984332
1.1563084
1.2539196
1.1966741
0.99548197
0.92014635
1.0858955
1.0939076
1.2002921
0.9917837
1.1912153
1.2062638
0.936011
1.2142526
0.92636245
1.0471883
0.9515238
1.1121471
0.8745207
1.171586
0.9928139
1.1937332
1.0325253
1.051625
1.1768255
1.269916
1.0534241
1.2189695
0.819316
1.3048911
0.91546685
0.9213092
1.1563306
1.1333426
1.0903015
1.0111247
1.1197951
1.1791682
0.994828
1.0616113
1.024188
0.9251436
1.1961405
1.0088325
1.0736991
1.1321222
1.0172474
1.0120473
1.0726305
0.9786818
1.0429101
1.0347962
1.1179707
0.95344293
1.0775867
1.236118
1.0249418
1.0680776
0.9779664
1.156208
0.9966068
0.94997346
1.1731141
1.1488823
1.0654454
1.1208154
0.8990156
1.0294578
1.0482199
1.114233
0.9221523
1.0937628
0.9339469
0.94937205
1.0021492
1.1109464
1.148531
1.1336678
1.0247589
1.1076763
1.17053
0.9484781
1.0771222
1.0526764
1.0027795
1.0885855
0.9819951
1.0862166
1.1154141
1.1526953
1.3016169
1.1230271
1.0267708
0.9161492
1.2270194
1.0001137
1.0971041
1.1611135
0.97857034
0.9775224
0.9809654
1.094147
0.9493636
1.0335588
0.9994323
0.98215127
1.1306885
1.3618455
1.008724
1.0812095
1.0261973
1.1164242
0.98962355
0.9800361
0.9841987
0.91640246
1.0819283
0.76694643
1.0398227
1.025223
1.1583853
1.1356657
1.1093132
1.0566902
1.2217063
0.9508518
1.0844119
0.79612213
1.1795156
0.94520426
1.1564417
1.0890898
1.0169789
0.9993069
0.98672086
1.1077564
1.0976425
1.0731207
1.0754769
1.0277426
1.0024965
0.7664123
1.1203604
1.0396292
1.2182984
1.1134166
0.9213875
0.78850996
1.1615527
0.9902405
1.1536334
1.0153486
1.0355706
1.1933811
1.0747567
0.90178454
1.0472724
1.0156496
