1.0452254
1.0405521
1.1542566
1.3653287
0.9647536
1.5138996
0.7074003
1.299994
1.0397652
0.79259926
0.62923014
1.1785545
0.7391865
1.1278255
1.0421503
1.3749686
1.3425858
0.86303943
1.092926
1.2030385
1.0603095
0.7309438
0.8595613
1.148347
1.1184623
1.0613726
0.7746639
1.1389966
1.0221362
1.2938172
0.9160701
0.97957575
1.1895378
1.006588
1.289966
1.1567686
1.0854448
1.089549
0.9114626
1.0973487
0.9805027
0.93875337
0.9535568
1.1134886
1.0046351
0.73817027
1.1711057
1.4720153
1.0191576
1.105919
1.1880785
0.97645676
0.7528875
0.77959955
0.9877381
1.1067431
0.7011288
1.4821899
1.49755
0.7806449
0.91606474
1.1520951
0.9033294
1.0004865
1.1817931
1.192958
1.4111291
0.9242229
0.8864785
0.968617
0.8187247
1.4298494
0.6882881
0.9934988
0.8210406
0.666866
1.29288
1.4004686
0.7374133
1.1644382
0.6810423
0.97989273
0.9270813
0.8827159
1.1011001
0.9889355
1.1393645
1.002213
0.91873735
1.033523
1.064631
0.8143463
0.7737548
0.69192964
0.8151156
0.7435503
0.8491661
0.90769535
1.162072
0.7861564
0.85945576
0.78458005
0.762676
1.0893886
1.060427
0.62974226
0.9109687
0.9867843
0.8568653
1.1770148
0.8776448
0.9066616
0.8283331
1.2984629
0.7924131
0.8722875
1.0127797
0.9239033
0.8143163
0.5588606
0.99426556
0.76201814
1.009898
1.0126195
1.1215751
1.0912591
0.92887187
0.8580811
0.9185684
0.9524704
0.7273575
0.65900946
0.94426405
0.63764894
1.0190839
0.579602
1.046823
1.2082704
1.0108738
1.2309752
0.91826
0.8883082
1.1251051
0.8171451
1.1306176
1.1292384
0.9892601
0.7542392
0.93748516
0.96045053
1.0124543
1.0239596
0.89501494
0.8238901
1.0000564
1.0032165
1.0648613
0.6177333
0.8223822
1.0679812
0.93227255
0.8667
0.70392627
0.72821957
1.0047265
1.1064495
1.009177
1.1990516
0.8632515
1.0238782
1.016273
0.97915995
0.8647452
0.9751847
0.8545789
1.0185571
1.0013076
0.7933313
0.7386137
0.83172154
0.8696662
0.8303042
0.62018955
1.054895
0.78282577
1.2128892
0.54384595
0.9200686
1.0662496
0.5917475
1.2352874
0.8678472
0.93481946
1.0074186
0.8825226
0.5437361
0.9696468
0.9798035
0.59195065
1.3018582
0.88505787
0.95807153
0.99868864
0.72442406
0.82003903
1.1440872
0.6963484
1.1655462
1.3088603
0.6794806
0.9793874
0.82926285
0.78241265
0.68665504
1.0286154
0.7507593
0.934957
1.3903441
0.79555976
0.7429381
0.60544515
1.1144207
0.9286218
0.9568343
0.67906946
0.813259
0.7416564
0.6593592
1.0735168
0.68071395
0.72687733
1.2365403
0.6871909
0.6778417
0.98137134
0.9200546
0.51308185
0.8750815
0.71181685
0.8546139
0.94314295
0.7572933
0.70336664
0.75795346
0.8931628
0.9817643
0.94423354
0.69071615
0.8292909
0.8428848
0.9018346
0.6238196
1.0041267
0.96053624
0.8246155
0.83732116
0.8900391
0.75059605
0.96412647
0.9689479
0.8381903
1.3560065
0.92797756
0.8012384
1.4474127
0.7641476
0.94250363
1.1165904
0.8610517
0.9144528
0.8354245
0.915653
0.8096788
0.8335764
0.4599213
1.0852952
0.9180908
1.0167065
1.037402
0.68031996
0.8280809
0.89370716
0.66982615
0.7917861
0.7910266
0.7663354
0.8960358
0.9627049
0.48799938
1.1409521
0.88037086
0.8182005
1.0949501
0.5269695
1.2591943
0.9718554
0.88916063
0.77832687
0.51905197
0.71774566
0.576388
0.7525077
0.9875675
1.091075
0.8625459
0.8256251
1.030119
1.0998304
0.9945411
0.85251987
0.78962386
0.87563646
0.7643645
0.834522
0.60775524
0.7632151
0.7856425
0.7942724
0.74218774
0.762323
0.8899091
0.86880386
0.81748533
1.0037394
0.61915934
0.8908539
1.0333836
0.6971792
0.7715251
0.8422724
1.160081
1.2308741
0.72585976
0.7507201
0.90472555
1.1240416
1.2945724
0.8730368
0.44544777
1.1326556
0.5943197
0.9556323
0.6369859
0.90874875
0.68850124
0.8042599
1.0204422
0.8867241
1.0644586
0.6512937
0.97478545
0.7593038
0.54385746
0.72662866
0.8758913
0.69357216
0.815246
0.8978516
0.96213615
0.76035863
0.65547305
0.7571851
1.1688364
0.59154165
0.6424286
0.8482963
0.6986453
0.85458386
0.50744206
1.243456
0.7455458
0.7393886
0.89965
0.8163348
1.0557909
0.78672767
0.90939397
0.7490164
1.0680516
0.64388
0.687629
0.7109413
0.94301665
0.78009796
0.8918659
0.8818653
1.4093964
1.0156997
1.3508707
0.87412643
0.6605141
0.7919211
0.92032
0.45851225
0.7087048
0.57982075
0.86032915
0.8526565
0.8146016
0.65704256
1.0225105
0.852008
0.7271989
0.6560753
0.9996568
0.9313878
0.8088112
0.53429663
0.9511677
0.8668712
0.73529917
1.2870833
0.77303934
0.7135606
0.7939467
0.820103
0.7961428
0.9655327
0.88786376
0.6784128
0.9626601
0.5686958
0.72244096
0.6019129
0.96178806
0.8818876
1.022269
0.851667
0.6348748
0.7763784
0.80501497
0.69944024
1.0440857
0.7336774
0.8100285
0.833508
0.78048754
1.3331673
1.0054842
0.92393434
0.70825696
0.5335416
0.6914828
0.6473404
0.798347
0.66645205
0.68095994
0.4929332
0.94390404
0.77555794
0.6193526
0.6829982
0.69071984
0.8040694
0.7395386
0.67709666
0.58871603
0.6323585
0.6410109
0.80189925
0.781134
0.9760023
1.1304188
0.92732525
0.7698701
0.836381
0.71940935
1.1482835
0.76588273
0.63936627
0.98169416
0.86384594
0.79965067
0.84441876
1.0780616
0.674181
1.0096955
0.9706352
0.87241906
0.8692421
0.79191226
0.951015
0.76638436
0.82600385
0.83661836
0.80083334
0.8131282
0.65033615
0.6637446
0.7482628
1.0779942
0.72262394
0.73123795
0.46544218
0.919508
0.7018862
0.94544166
0.77652115
0.8919629
1.0497116
0.7424006
0.77567303
0.9369123
1.0064006
0.8924466
0.8015338
0.7159279
0.8684375
1.0144459
0.74379736
0.90410423
0.5479694
1.0759854
0.55901474
0.59047425
0.8142247
0.91609824
0.5633304
0.56777006
0.8146515
0.8336179
0.6681934
0.6165142
0.6278454
0.52611476
0.7712492
0.9531314
1.0156758
0.68657434
0.9957585
1.062053
0.63741016
0.675401
0.6613114
1.0159409
0.9636154
0.5229008
0.5711425
0.7069799
0.5665814
0.65710175
0.5762809
0.72113717
0.46306926
0.72160214
0.5608691
0.6704433
0.7795161
0.70383644
0.9746971
0.65067065
0.7341269
1.1550117
1.1818564
0.6887859
0.67931265
0.75832057
0.8664689
0.7571516
0.7438276
0.7628797
0.5347246
0.855068
0.72460407
0.85280997
0.77912486
0.5997883
0.694144
0.6472274
1.0464545
0.60630834
0.86699927
0.9125055
0.48173207
0.69569826
0.7362931
0.7042841
0.5460796
0.68749976
0.44368494
0.84679425
0.8237442
0.8337977
0.7702671
0.65849185
0.7184178
0.6485116
0.68978053
0.91027915
0.9444523
0.7548671
0.7230237
0.7486775
0.79441094
0.74804604
0.7233684
0.3470216
0.86794496
0.78783417
0.59363943
0.65676254
0.7432475
0.5071151
0.83550096
0.82938784
0.8796518
0.7053189
0.48450655
0.6578888
0.6419206
0.6823306
0.77613604
0.83304995
0.66496646
0.43641654
0.66878575
1.0347061
0.538063
0.6053846
0.8942635
0.518767
0.7063424
0.9708822
0.6396947
0.5236058
0.6751059
1.0051959
0.5505098
0.8209516
0.7669679
0.7544205
0.8559072
0.7958422
0.6296407
0.5756712
0.626935
0.6992115
0.6590429
0.66486037
0.8123432
0.7144818
0.71534497
0.58337975
0.7219769
0.6492689
0.8782139
0.8294705
0.77514136
0.88727653
0.63262266
0.43663004
1.3339913
0.4364909
0.539883
0.92695653
0.6967286
0.71911585
0.57640004
0.5477089
0.7182556
0.7927649
0.82328975
0.5249441
0.60733545
0.5106219
0.73196644
0.70207995
0.8347484
0.6361594
0.5061015
0.70807743
0.5391947
0.780512
0.4180309
0.799148
0.66703045
0.8153607
0.5350723
0.85623884
0.7205085
0.59477603
0.6414013
0.8133648
0.6929563
0.4484027
0.5610061
0.6654084
0.64118254
0.73849064
0.63671637
0.65839565
0.6835365
0.61427325
0.5382894
0.53424376
0.7172205
0.749224
0.5554645
0.51462704
0.7584955
0.700679
0.729866
0.68678206
0.609964
0.6792766
0.71819174
0.88297355
0.42487568
0.6036173
0.69786596
0.49450412
0.5723679
0.8687762
0.52990377
0.8351076
0.4401006
0.6286795
0.8282166
0.63095987
0.5776984
0.5722183
0.9010509
0.60477686
0.7913765
0.5352171
0.51174843
0.77154595
0.49733934
0.5448853
0.66886955
0.39633092
0.90019995
0.8266448
0.6562959
0.5428978
1.0066513
0.81783473
0.5730511
0.7299386
0.77085435
0.6474046
0.83770984
0.6752044
0.63468266
0.4558761
0.47946665
0.68357515
0.30778974
0.5372819
0.58203185
0.80198634
0.5600394
0.55719954
0.894047
0.57509017
0.446773
0.7840215
0.37574303
0.63476056
0.5717781
0.46781552
0.63247645
0.8073853
0.5378892
0.7937809
0.7345036
0.6584469
0.45669344
0.87348706
0.7320942
0.742404
0.40560877
0.63099253
0.95946497
0.8355807
0.676257
0.64572215
0.7168448
0.62454844
0.648682
0.49552274
0.6560384
0.5925824
0.58764195
0.340818
0.6671736
0.48709548
0.6975833
0.5165548
0.62200475
0.5151524
0.61640626
0.6610163
0.60483205
0.90319633
1.0201929
0.8638923
0.48132738
0.89053094
0.76796854
0.6441432
0.60004914
0.49743348
0.6023973
0.49242824
0.6987487
0.5434076
0.694335
0.67017436
0.47916007
0.5449039
0.80958414
0.6052799
0.8826045
0.5409806
0.5225593
0.4627749
0.6697998
0.72189224
1.0444698
0.77721405
0.45361695
0.94889873
0.43704805
0.783366
0.77204204
0.7351015
0.6012314
0.7410214
0.8613914
0.54076964
1.0818007
0.6305464
0.9010978
0.6178696
0.61143184
0.54988885
0.827157
0.8405051
1.134179
0.8776762
0.45768592
0.67774767
0.63202834
0.48103207
0.6947367
0.6174434
0.58799684
0.64324015
0.5459732
0.5962303
0.7930423
0.5954895
0.6865756
0.88642776
0.6174021
0.7017008
0.5606259
0.73051995
0.7589179
0.7007024
0.7451575
0.56430304
0.601283
0.69028336
0.76284146
0.53616095
0.625525
0.5769353
0.8416604
0.44971335
0.6783527
0.68995583
0.47435427
0.9315152
0.46527597
0.35024577
0.56493175
0.761881
0.79328084
0.88618135
0.93895227
0.55791426
0.793717
0.67939836
0.51690733
0.782977
0.57591903
0.6620092
0.8706497
0.5587601
0.68650836
0.51120615
0.7200106
0.6591904
0.59529763
0.7439208
0.4974677
0.36350662
0.5172324
0.6826488
0.71906096
0.85208577
0.6961201
0.64294696
0.6197883
0.5121925
0.45471886
0.7933706
0.40550777
0.5375668
0.43588522
0.86056435
0.5514644
0.67289114
0.6253073
0.6656816
0.574836
0.8289472
0.6710082
0.5739263
0.7001157
0.7224996
0.9137831
0.52722156
0.714123
0.7445084
0.3676319
0.7780341
0.97650385
0.3923604
0.5594579
0.8198232
0.6617518
0.88645005
0.70898455
0.54900146
0.5491735
0.44325727
0.44497636
0.6204668
0.73593575
0.4377554
0.70089567
0.40106902
0.43619493
0.8550447
0.32098186
0.47176546
0.99748874
0.9804018
0.351655
0.3849525
0.53349894
0.569831
0.21177469
0.31582174
0.4638354
0.70648414
0.636142
0.46882647
0.46676105
0.75362736
0.7867958
0.82624596
0.8729869
0.38078323
0.6770351
0.58224493
0.56119657
0.7705368
0.43175685
0.50569606
0.3924237
0.6174352
0.6154558
0.47637606
0.54224735
0.4783007
0.8607329
0.59071535
0.83608556
0.7925266
0.69774085
0.5951589
0.88441277
0.77840835
0.47858605
0.4897645
0.50697
0.44059733
0.5652951
0.42651314
0.47862616
0.4653405
0.7489891
0.3256469
0.64033675
0.95412344
0.7117357
0.704774
0.50436115
0.5986651
0.752712
0.57412827
0.57306117
0.5555214
0.54414856
0.510231
0.66314113
0.45540357
0.41433775
0.6245642
0.65602434
0.7458614
0.731058
0.4219771
0.45662856
0.47572428
0.55456847
0.77778494
0.8518036
0.7182125
0.91077566
0.64129376
0.687893
0.7355183
0.49208298
0.6681044
0.6226581
0.546629
0.71886575
0.413443
1.1959687
0.7247765
0.78744245
0.5127682
0.35445756
0.93879145
0.45674157
0.42979124
0.6643577
0.568058
0.5534692
0.46973446
0.8297011
0.27084935
0.861999
1.0843194
0.6033363
0.7315322
0.8681165
0.3521633
0.2812757
0.4883952
0.7661371
0.6479938
0.5108607
0.5267701
0.75113297
0.70169955
0.5471692
0.6804079
0.36360282
0.41387957
0.77220815
0.49858454
0.46928972
0.48866695
0.7249773
0.5937078
0.58786726
0.47094077
0.6914802
0.53620124
0.50890446
0.53248775
0.78102374
0.410334
0.74677837
0.5394919
0.85207593
0.54267716
0.5182547
0.75033677
0.505728
0.8019641
0.6640067
1.197842
0.6170534
0.58591676
0.51251006
0.5982765
0.38709393
0.48218983
0.3620443
0.5866749
0.6278907
0.46023306
0.5919992
0.6758488
0.7331302
0.6054051
0.44479695
0.76019645
0.4061488
0.30576536
0.68395054
0.94505453
0.8083208
0.6572538
0.47296432
0.4943303
0.49070603
0.6075546
0.6576105
0.7986861
0.6420368
0.41621196
0.4087971
0.5874095
0.6706817
0.57051605
0.20427969
0.5084735
0.6886103
0.65961266
0.5991155
0.5464554
0.35519093
0.4493556
0.5801784
0.36020935
0.521666
0.6682621
0.5414009
0.44196445
0.65764534
0.33921188
0.82898694
0.9069941
0.8613453
0.7653564
0.7858119
0.47055563
0.4135792
0.3240599
0.4948185
0.4245692
0.4756736
0.5595624
0.33327296
0.55646646
0.4141735
0.580246
0.59819806
0.67011505
0.5968551
0.60387754
0.4845248
0.7552884
0.3983732
0.43726355
0.5072101
0.43722284
0.8272084
0.4799601
0.8006937
0.91882765
0.40073192
0.5587456
0.70524144
1.0636709
0.37154806
0.8427677
0.5212692
0.76189715
0.9793456
0.60521656
0.6084571
0.49282673
0.79181015
0.69795775
0.7240205
0.65124404
0.4514282
0.50751567
0.664279
0.5919501
0.57699513
0.41084635
0.38736266
0.6077827
0.58941275
0.6489929
0.67271173
0.7147173
0.503808
0.5123078
0.5310646
0.57284456
0.55779916
0.53803873
0.5334196
0.59370005
0.38433254
0.76468384
0.66513443
0.80203414
0.46625844
0.5528197
0.638494
0.6960738
0.75246793
0.4870554
0.7423931
0.6200725
0.54287255
0.8932688
0.57789075
0.56069505
0.29395032
0.6263509
0.57680255
0.3997174
0.64424324
0.58038807
0.49711746
0.26309127
0.4586971
0.5161414
0.5517326
0.7433152
0.5543421
0.4271022
0.5738218
0.32964814
0.63792175
0.5678396
0.49132258
0.5219312
0.46077585
0.418223
0.65230715
0.48546657
0.4510727
0.3706974
0.70603275
0.6774408
0.40467912
0.6083043
0.51998043
0.33530325
0.632768
0.818133
0.5484514
0.59732676
0.5416964
0.42380735
0.48896345
0.6307437
0.56601524
0.5100663
0.5270132
0.54746825
0.7400463
0.35675037
0.5206303
0.3132518
0.48900467
0.42901945
0.30026984
0.6359726
0.7988309
0.4833693
0.71473736
0.5947631
0.5734865
0.53336495
0.47305685
0.6488472
0.7755927
0.7098153
0.46025538
0.5683441
0.5673034
0.69155383
0.4634221
0.58447397
0.5857311
0.5329784
0.79647505
0.64315504
0.5419563
0.47463095
0.5031444
0.4213964
0.7081869
0.36192715
0.57684433
0.55141956
0.3417948
0.73362017
0.5236839
0.48716113
0.5397895
0.418548
0.68587434
0.6025131
0.36756024
0.61797166
0.5669349
0.7984823
0.8575339
0.6161665
0.6931032
0.6939198
0.5085815
0.6268998
0.7742443
0.65799934
0.35824826
0.8939171
0.34660518
0.9046015
0.47686625
0.6504413
0.39613616
0.68028265
0.38788146
0.840544
0.22747836
0.46872565
0.51990885
0.48888856
0.5941849
0.4079365
0.4607851
0.7270636
0.8020504
0.3887217
0.5067689
0.47853228
1.0973563
0.90402246
0.40675852
0.5487865
0.39333087
0.509258
0.56125224
0.58597493
0.6642215
0.6999831
0.38656396
0.6418808
0.38414484
0.91702783
0.5685902
0.25997806
0.35079098
0.49087238
0.4141337
0.5346666
0.73363286
0.85140735
0.5819249
0.3541005
0.6820683
0.2850393
0.9551401
0.467919
0.38748497
0.45829892
0.8891939
0.9514796
0.53274316
0.6906427
0.5621375
0.3473512
0.42183194
0.48781815
0.70562047
0.5511967
0.49432567
0.58923805
0.40882498
0.6717192
0.5762854
0.4584066
0.43274975
0.46130705
0.49533898
0.67970026
0.71637243
0.60274607
0.49654567
0.49132997
0.92599976
0.32778233
0.34053355
0.33350632
0.6454637
0.548629
0.47620195
0.49932733
0.85402787
0.41748384
0.5028344
0.33048323
0.45114273
0.85081196
0.50120085
0.51663184
0.66153824
0.5556137
0.38503692
0.5803616
0.21544433
0.48288846
0.52122325
0.31933993
0.5377682
0.37129033
0.3266892
0.5782427
0.63921475
0.53946835
0.8096118
0.69144535
0.26309395
0.51574415
0.50948036
0.701957
0.5622538
0.7797266
0.46536446
1.2148118
0.62888134
0.5860525
0.4791723
0.45138797
0.41880915
0.5937214
0.5024065
0.65663505
0.33710006
0.48792928
0.4869308
0.4610616
0.6221338
0.5264673
0.3757369
0.6411066
0.75634086
0.45978826
0.63972235
0.6215985
0.7321145
0.4522385
0.46762574
0.34708422
0.45670915
0.7743975
0.45353842
0.4879735
0.49850643
0.6908633
0.326582
0.797711
0.7794492
0.46116278
0.76113695
0.43290007
0.55269295
0.6262321
0.4850943
0.57005805
0.38763207
0.54633963
0.46992233
0.3491201
0.34514493
0.51364493
0.5676097
0.73833776
0.8041999
0.53602517
0.55034584
0.63855934
0.74153686
0.8416381
0.25919288
0.77319604
0.47484213
0.68561625
0.5623694
0.76722753
0.47930604
0.5936198
0.7248577
0.5854188
0.34807318
0.40516385
0.5988905
0.5006186
0.6309792
0.4978581
0.6211125
0.3440947
0.37350023
0.85146505
0.71299875
0.7752872
0.5815666
0.58432424
0.47631177
0.5917157
0.8431066
0.3966637
0.66715187
0.4094707
0.5607846
0.7112264
0.3159742
0.38153958
0.61148095
0.26902485
0.4051441
0.5204549
0.3361576
0.5108479
0.6859153
0.70041347
0.65855825
0.7755984
0.7020594
0.7078689
0.53151405
0.49709138
0.25587323
0.71360624
0.47232553
0.5721891
0.27215442
0.38748083
0.30993736
0.49246484
0.5401919
0.42244256
0.33271965
0.3741342
0.39541954
0.6802424
0.7995311
0.4685581
0.3314424
0.67546225
0.9216678
0.6524136
0.64324903
0.36043283
0.67318404
0.65693045
0.40855706
0.6364114
0.3576747
0.3986482
0.72137463
0.52777123
0.39706516
0.7792356
0.3943166
0.42466974
0.50970495
0.620458
0.36322773
0.41028634
0.29308563
0.58702445
0.39805079
0.42225578
0.49089
0.5801827
0.9691263
0.6720985
0.3967131
0.59413964
0.9347984
0.40274274
0.5264901
0.3708435
0.42483798
0.61807454
0.28996485
0.40209165
0.7045003
1.1202039
0.5727823
0.44308478
0.23323649
0.6991119
0.3645535
0.34919366
0.66074944
0.4619797
0.60988307
0.40613508
0.33226576
0.57628804
0.51618373
0.52619255
0.83373785
0.5559578
0.41506118
0.5065894
0.49675423
0.6775317
0.42810595
0.65150803
0.3516736
0.67864335
0.47912258
0.33686116
0.40305305
0.48343337
0.67905957
0.68626666
0.5887166
0.45648512
0.5061781
0.6940725
0.37383965
0.53563315
0.5587572
0.5731275
0.71286875
0.5584506
0.5533105
0.4447896
0.40058556
0.5421223
0.46166885
0.58660007
0.3898943
0.66551256
0.94323003
0.53854257
0.75153923
0.43342412
0.53169405
0.40047938
0.57794815
0.48206323
0.406863
0.48640263
0.94127023
0.5005784
0.38238806
0.633674
0.7342398
0.54971164
0.47730377
0.63546574
0.33859506
0.41042486
0.50804806
0.33258188
0.67115724
0.6793514
0.85485816
0.4300044
0.70994407
0.4864515
0.48594877
0.43396804
0.5622159
0.78106976
0.5780072
0.4253186
0.4065436
0.56866324
0.24387632
0.6627102
0.39754227
0.44153106
0.33427677
0.5809862
0.6335051
0.4725557
0.2496992
0.7405424
0.43472815
0.46543843
0.54979324
0.41195503
0.36307228
0.6434762
0.5230582
0.38599932
0.3995422
0.5290853
0.28704387
0.8279087
0.5962945
0.5985408
0.39608008
0.3850119
0.5759411
0.28389215
0.45215875
0.43176782
0.29706854
0.77933043
0.6159743
0.4858293
0.6061339
0.5049226
0.46114796
0.34357676
0.39629605
0.4557255
0.48389325
0.40181682
0.3960246
0.37282902
0.3698625
0.5060144
0.68664825
0.4514584
0.48053208
0.4277553
0.5489532
0.7164104
0.434824
0.4056626
0.39199322
0.40915522
0.7515149
0.72255415
0.7629223
0.6589072
0.6423993
0.529095
0.6863482
0.62627584
0.7298924
0.5938561
0.53011245
0.33966276
0.32506385
0.3854698
0.3674831
0.3730473
0.44550267
0.66052616
0.52753437
0.39830658
0.8134053
0.49014553
0.50048876
0.6601287
0.6020576
0.41584253
0.78299475
0.6713386
0.446869
0.49420977
0.68487823
0.36964303
0.28750336
0.46837038
0.59085906
0.52868474
1.0873945
0.39491576
0.75672567
0.61566454
0.4342734
0.47276285
0.45858127
0.6068168
0.4647236
0.53262675
0.3071189
0.61405313
0.530831
0.5211263
0.4814354
0.34028524
0.38751552
0.47524595
0.6283558
0.40327203
0.38730392
0.5050768
0.36964807
0.65479136
0.4763342
0.3050037
0.6928072
0.48000085
0.75061095
0.412355
0.35909355
0.3442242
0.5797831
0.59852123
0.9582298
0.3082394
0.48360765
0.47546142
0.47030246
0.6281905
0.5009241
0.58246064
0.6743876
0.49573663
0.26117915
0.6252918
0.21572572
0.43969798
0.46138936
0.42130655
0.53868574
0.72893316
0.42373735
0.5713726
0.62938166
0.46024144
0.3617506
0.4115426
0.6722741
0.57088226
0.5324315
0.560692
0.34484679
0.44372767
0.3871906
0.59152734
0.45184556
0.37275052
0.5538572
0.5424881
0.41797253
0.51330996
0.36734363
0.5509596
0.6511308
0.42284125
0.55311733
0.48905557
0.43182987
0.47224045
0.32759073
0.48794168
0.2825597
0.55084485
0.47363102
0.6279701
0.596864
0.5152622
0.38045692
0.43177304
0.39637953
0.47217217
0.5644392
0.46563125
0.39160848
0.5085595
0.59209675
0.5719851
0.3781808
0.49242198
0.38680652
0.34508392
0.73168063
0.70235705
0.68436193
0.57309586
0.4078651
0.46606386
0.4516909
0.39208442
0.3866579
0.4156887
0.41980863
0.6596436
0.73701864
0.66815364
0.504869
0.4903946
0.53570163
0.43831018
0.71999943
0.45417976
0.29528126
0.319916
0.40424424
0.5967708
0.40000373
0.38818318
0.51680684
0.38764066
0.50467813
0.5645872
0.22594038
0.5938618
0.59333473
0.56424475
0.49937436
0.42514947
0.53794897
0.32263514
0.4866401
0.5554602
0.40735948
0.4037963
0.60465544
0.48185533
0.5874165
0.572841
0.57725686
0.4054215
0.4271413
0.44697505
0.64417535
0.6131977
0.42910254
0.4136491
0.36583132
0.38587728
0.4115345
0.3294701
0.60489964
0.49042326
0.53984857
0.535828
0.27239785
0.78329676
0.4642332
0.35471982
0.55571145
0.5066781
0.39246407
0.54885197
0.74246126
0.45207626
0.3902797
0.5682412
0.37751314
0.53754526
0.2695596
0.67247146
0.5548714
0.46005064
0.3033127
0.3039497
0.38939273
0.29927132
0.50661826
0.36222875
0.5941258
0.7353574
0.7182237
0.9939687
0.3880039
0.4239158
0.39936742
0.5954227
0.7261255
0.48663807
0.41970432
0.49937668
0.5494975
0.37822777
0.39037704
0.37064016
0.45488033
0.4071448
0.46857497
0.4479337
0.45002723
0.4732496
0.60963804
0.4133008
0.61103153
0.5178762
0.42207938
0.41985852
0.6149299
0.56403816
0.50969076
0.32679135
0.33564737
0.43124235
0.5237924
0.5113836
0.39361912
0.22943556
0.5000096
0.35386676
0.29399318
0.5842546
0.32741064
0.5283035
0.6208451
0.7483747
0.3771674
0.7263616
0.23445141
0.66771185
0.79946095
0.6208814
0.379464
0.3805415
0.3500235
0.66279525
0.5116186
0.44106656
0.5372143
0.84918165
0.75246334
0.31053954
0.39374864
0.46560577
0.51102924
0.5332957
0.2849237
0.60421526
0.47244114
0.4669758
0.6547983
0.31792152
0.5201706
0.65317386
0.7248116
0.48012352
0.65605414
0.30355597
0.6466525
0.78812003
0.8275385
0.42457154
0.63094985
0.45516568
0.71287644
0.64724386
0.3586985
0.4257539
0.4421758
0.38055637
0.61160994
0.44791088
0.51251197
0.3579104
0.3482449
0.67399764
0.48507965
0.37414193
0.5174333
0.46982247
0.5922713
0.5134948
0.32514524
0.56493086
0.52119166
0.4173717
0.25948912
0.36430085
0.32386023
0.470098
0.26833233
0.49365395
0.6083637
0.50921446
0.57538265
0.5693048
0.37385818
0.7196503
0.9733634
0.43763578
0.4640705
0.6203129
0.43644962
0.6680734
0.6471071
0.49808884
0.2918518
0.4127913
0.43324548
0.5225768
0.95101064
0.6483477
0.74611264
0.6723238
0.52848995
0.37010652
0.33517757
0.4025514
0.38119957
0.40511248
0.4758791
0.67994595
1.2744808
0.3208272
0.50052965
0.4984236
0.4196213
0.8470652
0.63203347
0.6143763
0.47974855
0.52445763
0.66663235
1.193407
0.68093127
0.4203089
0.586167
0.658507
0.4640306
0.56582445
0.5591248
0.5458096
0.6387701
0.6741867
0.7262696
0.8440579
0.9439658
0.483983
0.53981614
0.65618706
0.9402723
0.66127706
0.6415991
0.7967597
0.7770659
0.5839313
0.80810654
0.74060285
0.6225296
0.4716159
0.68925816
0.44229692
0.6835098
0.57253456
0.4814607
0.97370446
0.46983516
0.31457418
0.5209483
0.65065664
0.6738932
0.6944686
0.68298304
0.50562334
0.70908415
0.51023537
0.40006113
0.48705572
0.70380515
0.86348027
0.45651853
0.5605159
0.52238154
0.74539864
0.34576195
0.2799463
0.5527609
0.53532434
0.38638017
0.5857272
0.60220516
0.75973666
0.5839272
0.37751287
0.42368588
0.4870851
0.82689863
0.64392054
0.6982124
0.5574539
0.43989557
1.3549856
0.67406905
0.6706452
0.34207818
0.6551494
0.54641426
0.4056957
0.47241142
0.5729179
0.53998196
0.46189967
0.64540625
0.5106536
0.32752782
0.5127765
0.95893204
0.5894717
0.34425822
0.43588525
0.58733386
0.4828224
0.5063306
0.46957898
0.7963175
0.35016853
0.53517437
0.5509452
0.63568765
0.44752148
0.7060416
0.4099218
0.46336293
0.4889279
0.45972946
0.63088536
0.503678
0.6674475
0.36825565
0.34473252
0.6505393
0.33190694
0.47011596
0.5542519
0.30952367
0.37474245
0.59132934
0.703815
0.75932246
0.83096933
0.42007148
0.3718123
0.7131976
0.46865162
0.21561225
0.50320065
0.48955145
0.52447915
0.4448839
0.36181322
0.44240937
0.5519782
0.38298544
0.5843997
0.5427853
0.38322273
0.45131415
0.5427709
0.61469114
0.7609763
0.42745268
0.3344171
0.6257518
0.5963673
0.30732828
0.44155508
0.6026702
0.4388761
0.4077043
0.88545597
0.42046565
0.68174034
0.82155365
0.57731664
0.2944998
0.7436248
0.43547028
0.37669414
0.416256
0.4815819
0.5974928
0.34061122
0.6090721
0.45985043
0.38610885
0.27380848
0.546382
0.6864653
0.35392445
0.43643582
0.8048212
0.56922597
0.39661562
0.5297043
0.777553
0.48227787
0.49833453
0.45230857
0.45397425
0.5094188
0.3455174
0.37196934
0.5796361
0.45557544
0.58897555
0.64972186
0.28449333
0.50477064
0.57557845
0.40041795
0.4660922
0.572071
0.59897476
0.33328846
0.42170602
0.40117627
0.5558431
0.34647083
0.60681367
0.33563727
0.34944117
0.43222326
0.3285698
0.56895685
0.41654846
0.40972424
0.4333178
0.7163354
0.45844576
0.4485769
0.36524588
0.6551126
0.5161516
0.30015016
0.21871394
0.5831764
0.42460477
0.44771415
0.4226844
0.6790798
0.48488557
0.43633932
0.49374473
0.40476605
0.29386094
0.4713477
0.43267706
0.25897968
0.61680126
0.3814115
0.65789366
0.41707575
0.4263695
0.34707484
0.3938826
0.3923682
0.4926855
0.2631125
0.6752142
0.36160433
0.22490723
0.42944795
0.39948452
0.29616123
0.5082172
0.54618657
0.4904527
0.4069958
0.4224393
0.4738564
0.29652852
0.29000044
0.29212466
0.4908044
0.6230984
0.36965784
0.629894
0.53673995
0.45168012
0.33562946
0.44000423
0.60555637
0.2428361
0.34725636
0.33391377
0.272515
0.43287733
0.55729795
0.47000432
0.60335755
0.4964391
0.51377386
0.45811284
0.430972
0.45066762
0.3760786
0.2703907
0.5959617
0.49588642
0.2780354
0.63938046
0.42847314
0.26105815
0.48021072
0.27957892
0.40919372
0.29587176
0.4359821
0.39950904
0.804597
0.60567623
0.3383561
0.24490228
0.5306885
0.5284738
0.34932584
0.37930387
0.41093576
0.7561944
0.70487344
0.38867795
0.3474372
0.58458596
0.3668382
0.5950005
0.5795013
0.5758665
0.46390823
0.5439874
0.53557163
0.31594923
0.4850293
0.3531478
0.34551373
0.5664701
0.52478695
0.5240676
0.4185133
0.40131018
0.46197498
0.467187
0.5159466
0.41691303
0.35620278
0.49417943
0.24246529
0.7159958
0.4183905
0.4026147
0.3458354
0.37839505
0.62827504
0.5947476
0.3971901
0.39929095
0.58021665
0.53913385
0.41681027
0.6703572
0.57643294
0.55071396
0.3983118
0.43319342
0.3320744
0.38261932
0.5711123
0.6845865
0.57061946
0.48255965
0.3014656
0.44133675
0.3362755
0.55370396
0.45790523
0.6760944
0.38699695
0.34840107
0.41423064
0.30521065
0.34082103
0.46863887
0.47961986
0.42601997
0.6808969
0.39032668
0.4104277
0.86119413
0.52267635
0.46941188
0.36326954
0.4847251
0.386146
0.5422188
0.4751504
0.38908824
0.44648987
0.71766245
0.42450216
0.61803484
0.5910979
0.43715248
0.38347888
0.481448
0.37733024
0.52671194
0.8007654
0.6710659
0.22238451
0.35986507
0.42389187
0.6602504
0.7701087
0.52041256
0.543095
0.5755795
0.5370031
0.4325121
0.36441427
0.22345631
0.4769236
0.5110862
0.6006243
0.43495303
0.5691256
0.34973317
0.6598746
0.42608497
0.513553
0.31604132
0.3420968
0.47005036
0.6568212
0.62521046
0.38711295
0.38543993
0.39856005
0.3320382
0.3507187
0.36203372
0.4202218
0.53372467
0.3576099
0.48425853
0.5258296
0.39833057
0.49698126
0.38824296
0.38676894
0.49577558
0.3392445
0.45050225
0.5237454
0.49653575
0.3910207
0.37846947
0.6300777
0.41743857
0.42885908
0.2508868
0.6613785
0.7138764
0.31901506
0.4978415
0.61307317
0.68490756
0.26622674
0.43239802
0.35589153
0.39607614
0.5375256
0.49628
0.2899992
0.5278281
0.24752751
0.4625705
0.55805117
0.43806443
0.52883613
0.41894126
0.34530377
0.50367135
0.5895
0.42152682
0.46895814
0.33808866
0.38810578
0.37248406
0.71097517
0.4451108
0.4722445
0.42304873
0.4282393
0.37400606
0.495007
0.6851696
0.6490403
0.39943308
0.6204446
0.3891743
0.46134365
0.49333087
0.36187732
0.48441526
0.44206545
0.7286844
0.38925946
0.47948956
0.36548105
0.36515886
0.38105333
0.45143384
0.68013453
0.28990263
0.22131045
0.35422325
0.48267034
0.28366318
0.48927486
0.51132345
0.5610364
0.6302601
0.4672137
0.2621886
0.38863772
0.5184411
0.34042522
0.46129072
0.39979088
0.50481284
0.4267009
0.3328846
0.6065858
0.3985647
0.4985081
0.4764597
0.5185112
0.4314068
0.3766353
0.43685126
0.4075675
0.40727472
0.33110395
0.47014832
0.4449836
0.36133587
0.55386263
0.43807802
0.37732854
0.46191713
0.59305435
0.35101286
0.4247746
0.36939996
0.4555763
0.6468704
0.60309607
0.31382746
0.31607866
0.32036537
0.4114114
0.42582798
0.3431503
0.57150936
0.4955646
0.2977619
0.34037486
0.4843526
0.31872386
0.55702335
0.4908265
0.44625282
0.2797814
0.21328656
0.5935892
0.46963015
0.49905124
0.3825963
0.5788825
0.45061117
0.37612006
0.36844176
0.55172336
0.31259423
0.4118449
0.40399474
0.35430217
0.53222704
0.33629546
0.45205176
0.2825271
0.3817993
0.57456887
0.518521
0.49510667
0.452603
0.69500566
0.32297766
0.63507944
0.37078667
0.5069049
0.6104561
0.6922152
0.5391705
0.3252586
0.66975284
0.47570938
0.45792133
0.6953978
0.16310003
0.28762847
0.40816277
0.23826551
0.45760095
0.7599808
0.4172412
0.4172716
0.53981984
0.5141577
0.5899104
0.2432668
0.5232296
0.42142397
0.4054448
0.5277038
0.39026424
0.51583916
0.5496116
0.32103574
0.45875528
0.31122446
0.32508624
0.39281362
0.53046685
0.64119613
0.38851666
0.6201967
0.3810418
0.5785025
0.37020224
0.65028864
0.5285926
0.30361062
0.5436336
0.4695529
0.7861165
0.2300494
0.40288994
0.57001215
0.6591713
0.4676049
0.9075534
0.35504088
0.6731944
0.671
0.5547652
0.81328857
0.2509856
0.452999
0.7060714
0.52507883
0.37662715
0.3919572
0.6107924
0.5164137
0.7194912
0.46371084
0.36593807
0.37864485
0.5024347
0.29011157
0.3372547
0.30003166
0.46895683
0.50695723
0.32962328
0.49274153
0.5888273
0.5340899
0.60005987
0.33664826
0.54067767
0.40930682
0.31112117
0.4578743
0.67728233
0.40895793
0.31235063
0.51649195
0.6696682
0.81130266
0.5747866
0.4521884
0.71058285
0.3739424
0.36596146
0.3013355
0.4271967
0.290344
0.42325267
0.26351437
0.27542678
0.61161894
0.32448938
0.7620219
0.8201303
0.33715063
0.46793884
0.36747164
0.31849414
0.6054402
0.48859376
0.5220014
0.57618237
0.41160363
0.47637
0.5320472
0.45941204
0.41996935
0.46726215
0.52031434
0.41573212
0.41317326
0.5223256
0.257334
0.52293456
0.4603306
0.42223585
0.73044646
0.2937672
0.47065273
0.68284583
0.5642043
0.43948472
0.46413445
0.43370032
0.40470982
0.35860205
0.36544847
0.57728606
0.45782477
0.59843487
0.22690147
0.43873164
0.48961207
0.63054156
0.67075133
0.696453
0.46845198
0.43238282
0.6261177
0.5191113
0.43746817
0.5117011
0.45724326
0.55611336
0.44778425
0.540586
0.4804545
0.3929025
0.48824298
0.31705648
0.38413996
0.6018731
0.2514972
0.38312644
0.44820407
0.6230017
0.45353186
0.36991864
0.44377545
0.46533656
0.31034988
0.40186927
0.5584565
0.64756095
0.32950434
0.61281765
0.35916573
0.3934961
0.29596555
0.38648129
0.22621462
0.20514566
0.4369358
0.7983309
0.68032396
0.3522302
0.37354743
0.2912038
0.35547876
0.6726546
0.2599235
0.25038084
0.18737456
0.34292817
0.21710074
0.3016585
0.63819885
0.5877167
0.3367375
0.43985367
0.3077181
0.31583816
0.5728313
0.3098477
0.49428594
0.293513
0.44008303
0.2938477
0.40046176
0.3673569
0.2911768
0.2530874
0.3475088
0.6395044
0.3747468
0.8528712
0.34873393
0.48453313
0.39845425
0.58770585
0.3231863
0.32605708
0.17912838
0.4748819
0.36302972
0.5397506
0.6164403
0.26810375
0.56292087
0.5966604
0.3436203
0.4048262
0.3325162
0.29455304
0.805691
0.66234237
0.41293922
0.5464713
0.24256018
0.32823324
0.5896447
0.38547355
0.3374433
0.28069845
0.46849006
0.4365081
0.37217414
0.8176038
0.7575175
0.51791465
0.7723239
0.34385598
0.64890826
0.560737
0.73926425
0.5286007
0.5652594
0.53685963
0.7935551
0.399795
0.4092607
0.40062448
0.47242078
0.5622712
0.3550387
0.5848161
0.51281637
0.42189318
0.44848692
0.6578424
0.4368723
0.6634366
0.14725235
0.4818384
0.4591579
0.7348114
1.2089232
0.33056095
0.640222
0.30754107
0.40201297
0.43590295
0.3672075
0.6071518
0.44787538
0.50722444
0.21760693
0.6187682
0.62586087
0.32971182
0.4668141
0.45072857
0.58553267
0.2701471
0.46553525
0.4354186
0.34847003
0.58200336
0.61772895
0.7961748
0.635462
0.67289007
0.44341478
0.34288502
0.9197532
0.33740368
0.4138143
0.49685082
0.27845025
0.63349485
0.3496984
0.35632026
0.675724
0.42859763
0.4626847
0.6781434
0.19858813
0.5815143
0.34691247
0.6731248
0.42535424
0.2988492
0.62302256
0.37844265
0.61686426
0.4682468
0.5841768
0.6919386
0.28488114
0.66305655
0.48755142
0.41989392
0.5906221
0.42741078
0.83212197
0.46536124
0.3646114
0.4186694
0.4142573
1.0996156
0.5429076
0.33509204
0.49195084
0.4563002
0.3854621
0.24015671
0.5602059
0.23782414
0.46486312
0.5309215
0.6482526
0.4664802
0.25902346
0.21341702
0.5189425
0.4447295
0.566885
0.46575344
0.5356075
0.4334997
0.34225422
0.79739213
0.37976086
0.31162548
0.49432048
0.3357997
0.3698207
0.38207862
0.50749165
0.6549915
0.2929667
0.3694385
0.31093085
0.3985638
0.36926657
0.5815815
0.48197892
0.56336045
0.33138976
0.73132294
0.6685127
0.32619816
0.35670266
0.827398
0.4887278
0.42265427
0.403886
0.5999362
0.35688573
0.48759034
0.5073814
0.6617099
0.38209203
0.34771526
0.8290875
0.3708707
0.6500829
0.529537
0.6287497
0.5856565
0.585878
0.46642208
0.47617543
0.4117484
0.49634093
0.4031728
0.28267553
0.7740059
0.3036588
0.53128994
0.36863
0.48181924
0.24072936
0.6217457
0.59184706
0.27275202
0.40713233
0.5683901
0.5310832
0.46704042
0.65749466
0.2815431
0.54531574
0.7575805
0.49491966
0.36019838
0.472814
0.29843816
0.3613662
0.753373
0.33155298
0.4731114
0.48143828
0.5693551
0.37974763
0.47405154
0.4084047
0.39766985
0.5465775
0.5746926
0.6647842
0.5394794
0.38753393
0.6300524
0.8415867
0.6798535
0.5211388
0.23216094
0.27445504
0.3615796
0.43128896
0.5721134
0.40163147
0.40944612
0.35088363
0.20556465
0.39063144
0.38307875
0.36106843
0.2557748
0.40739274
0.36604342
0.5976615
0.4097068
0.22358692
0.3355326
0.77700454
0.36232603
0.55065054
0.5162621
0.4785812
0.21360636
0.88125455
0.2872345
0.5646055
0.2856324
0.41848487
0.2287937
0.7266981
0.4021003
0.42112884
0.3751422
0.32787913
0.31223145
0.45527285
0.34447852
0.5441091
0.3760914
0.18763764
0.49029943
0.59711087
0.3823819
0.25029537
0.45712668
0.45405275
0.2920089
0.52422464
0.6642792
0.43716
0.41286287
0.6056993
0.32708782
0.5803721
0.32528147
0.29790568
0.65946335
0.35398
0.4121659
0.29445946
0.5125798
0.33571887
0.30985275
0.59135526
0.3735713
0.6377867
0.5719914
0.27669275
0.566713
0.31900257
0.6271108
0.41663453
0.4252274
0.4595045
0.5084191
0.49892706
0.3894819
0.63877106
0.5534921
0.47937512
0.33151072
0.37176847
0.544484
0.37356842
0.5602499
0.51774186
0.3684929
0.4597198
0.4075469
0.37460136
0.30266175
0.35848755
0.51473916
0.34565496
0.53879505
0.8427658
0.6657652
0.562786
0.47750294
0.26206112
0.64778805
0.6365636
0.4046318
0.4776122
0.38120782
0.38031355
0.4653458
0.2715369
0.48657927
0.4514175
0.55059683
0.298821
0.4200961
0.40450576
0.49771136
0.4356035
0.51824903
0.3381251
0.26908427
0.3041801
0.2814421
0.53736186
0.24614194
0.46017712
0.53362775
0.43430465
0.7393213
0.60365325
0.7985455
0.39881122
0.6723749
0.5614925
0.3486636
0.28723216
0.4527293
0.30730695
0.61260533
0.25907376
0.29647925
0.54043055
0.28023672
0.36660022
0.6136972
0.555455
0.3243153
0.65938854
0.38849473
0.580132
0.6094949
0.35265276
0.30267698
0.29860348
0.56271917
0.26148823
0.39239427
0.330012
0.31405294
0.34057516
0.3255119
0.39312097
0.4336824
0.44838467
0.46962148
0.60247785
0.37200347
0.35677946
0.5054164
0.40948862
0.5065247
0.18427967
0.4493452
0.39838573
0.5304382
0.36486006
0.28366166
0.36697423
0.46132267
0.3953456
0.4933215
0.36243644
0.53564095
0.75902426
0.240657
0.3911939
0.69304264
0.23204908
0.25397712
0.5158113
0.633522
0.5339479
0.47738612
0.38498873
0.29692084
0.4388958
0.46541056
0.24877498
0.5206484
0.5080088
0.3009928
0.34178197
0.5212178
0.5830719
0.5071366
0.47511065
0.45323133
0.40007567
0.7030489
0.50331
0.5817592
0.3427336
0.31310576
0.24383308
0.3611774
0.3076456
0.48959225
0.28865078
0.6457056
0.36249822
0.8477958
0.3330474
0.48650742
0.35039538
0.53722984
0.26557055
0.34662047
0.42199814
0.36434495
0.21446925
0.4723844
0.34890854
0.48358268
0.586244
0.2740652
0.42781547
0.6248745
0.33066413
0.35995734
0.28907847
0.61338997
0.44060877
0.53331935
0.317796
0.52957284
0.4989612
0.6501683
0.4499935
0.26721215
0.51459116
0.6906748
0.20259075
0.4841138
0.35581174
0.40733343
0.39854214
0.41182202
0.20474255
0.33919388
0.7478467
0.29470527
0.48833147
0.5197945
0.56761324
0.6144692
0.3449126
0.29986987
0.4100509
0.5782293
0.40140545
0.33517948
0.48254555
0.29749888
0.3912959
0.31839865
0.2628337
0.45249832
0.26439726
0.4453449
0.50433487
0.2114408
0.404479
0.54122317
0.33183917
0.41272298
0.3131917
0.5894112
0.4007669
0.45696956
0.372607
0.47399235
0.5996717
0.5054729
0.40055937
0.6354504
0.20408508
0.3968743
0.64465296
0.4080999
0.2926183
0.55365634
0.40171546
0.57322633
0.52064073
0.44627202
0.4125503
0.31216407
0.6686373
0.5037309
0.29070333
0.31880784
0.26777154
0.44412765
0.6941356
0.513861
0.29894868
0.5906396
0.4492399
0.8105469
0.3692544
0.5403278
0.2811573
0.2740488
0.22432926
0.51046926
0.45072106
0.4784527
0.3333917
0.576088
0.25407004
0.5319523
0.3850647
0.39346614
0.41989017
0.6054944
0.29995576
0.39353684
0.45518753
0.32527277
0.48565573
0.41030937
0.36741585
0.5169792
0.44874278
0.4037369
0.5044771
0.37050092
0.70674175
0.41093537
0.4581786
0.16660976
0.29838085
0.4676377
0.35271645
0.61366296
0.44294167
0.3747135
0.5974086
0.60744315
0.49127105
0.42967117
0.4086575
0.3598008
0.25285497
0.96574455
0.3161118
0.49248293
0.45076144
0.6584099
0.58907646
0.46834272
0.34955022
0.3486063
0.51894975
0.6369016
0.35345665
0.5908098
0.7731223
0.67309403
0.37295678
0.30008554
0.33438838
0.32088697
0.6061228
0.31943363
0.5195408
0.2940555
0.31120875
0.316926
0.43010658
0.43858206
0.24099429
0.30579683
0.29084438
0.36913598
0.5359491
0.5716793
0.38094229
0.49903816
0.4550335
0.5007556
0.42544174
0.33737403
0.37181377
0.46975416
0.29528952
0.28396156
0.20959891
0.31562048
0.2701702
0.5659761
0.5510781
0.42155987
0.69236577
0.41890168
0.2295416
0.5973027
0.4890715
0.53971875
0.29918605
0.72200763
0.29684925
0.48244464
0.31271523
0.5278781
0.36004555
0.43938375
0.4457872
0.20345496
0.2794467
0.6803442
0.27165616
0.57860756
0.5237509
0.37321362
0.3803066
0.3208297
0.48402888
0.3183061
0.22850895
0.39533377
0.44586512
0.32158914
0.37691697
0.23601663
0.4143842
0.4057554
1.0643127
0.35412866
0.53477305
0.3854005
0.43682265
0.6302866
0.47833908
0.6710522
0.4637764
0.19894852
0.18866372
0.68925536
0.24634917
0.46211284
0.6068432
0.3366757
0.3711946
0.38204193
0.46686628
0.35769385
0.4535188
0.38899562
0.6857233
0.5272294
0.5994219
0.9796038
0.58353126
0.28607157
0.44353148
0.61374277
0.34900448
0.22833379
0.517071
0.70558244
0.77988267
0.5838356
0.40538338
0.42558903
0.47812998
0.3374874
0.65341115
0.44872904
0.6830998
0.5529868
0.47648153
0.7359086
0.35707694
0.3867333
0.33640227
0.29239497
0.49851042
0.528949
0.60422397
0.8197919
0.30260503
0.6297014
0.56018656
0.7909445
0.18359119
0.2647921
0.51329356
0.35020515
0.46443424
0.38591617
0.4824873
0.33150038
0.47119808
0.63038784
0.5010366
0.76727265
0.49146503
0.7355764
0.4446735
0.38355425
0.58261573
0.38387966
0.5505333
0.5966798
0.27136502
0.3938046
0.3855601
0.63833886
0.6165881
0.49552613
0.49627563
0.33138978
0.56014854
0.5200101
0.62931854
1.1820396
0.5685704
0.5615057
0.37415406
0.5627549
0.70490205
0.6116166
0.532666
0.44832638
0.53268427
0.4277655
0.37884405
0.33478218
0.52387273
0.21556258
0.5423525
0.4041291
0.27193248
0.62615013
0.5256249
0.48641342
0.42032188
0.3857075
0.49602258
0.3131938
0.2571794
0.49240735
0.46573448
0.4910365
0.6697613
0.66660035
0.997156
0.30325767
0.66836214
0.30774593
0.24444492
0.4932688
0.51764613
0.40179378
0.5157697
0.5435188
0.3522261
0.40039593
0.35514414
0.4069478
0.83146036
0.56139505
0.43921658
0.6273283
0.32791924
0.3168867
0.92046356
0.5575466
0.44855657
0.5947833
0.59864396
0.3950078
0.6709472
0.33881143
0.457301
0.42261884
0.25288525
0.31735042
0.769867
0.2844986
0.40169108
0.4372719
0.40049946
0.27449274
0.25308225
0.2377418
0.44184834
0.29954138
0.39968416
0.15612842
0.5957666
0.5880306
0.48380178
0.47765267
0.4679108
0.39526632
0.32628328
0.16500886
0.5072853
0.32957426
0.3806966
0.5288639
0.28436312
0.3299881
0.5693317
0.6570857
0.48607877
0.42991912
0.6736008
0.4902596
0.33666116
0.27671975
0.526003
0.4285004
0.32919022
0.6559383
0.3625327
0.45868236
0.6855966
0.4055628
0.53481245
0.34625185
0.52672935
0.6780102
0.6457534
0.3073161
0.2627706
0.62549824
0.47508377
0.4625555
0.2668685
0.45803034
0.45113802
0.26865718
0.35487193
0.5528701
0.2487381
0.35664412
0.44564813
0.76472074
0.33773118
0.36563587
0.46165037
0.5678913
0.29068023
0.39512986
0.6600902
0.47289354
0.60116655
0.4529718
0.2691722
0.356876
0.30973247
0.44517252
0.5502548
0.21300174
0.27313143
0.41526404
0.51299506
0.44759753
0.48589426
0.5784163
0.32745123
0.46580783
0.35632074
0.3602869
0.5764209
0.6100688
0.48544145
0.85444623
0.31424427
0.50536287
0.31520557
0.52204734
0.70821667
0.5924331
0.44635352
0.21539712
0.46284094
0.68598825
0.4568134
0.5432711
0.3857721
0.6551843
0.3843898
0.74821186
0.34776735
0.4690838
0.44049776
0.41076943
0.67785347
0.8575803
0.53867966
0.43565914
0.40160954
0.5611312
0.36538196
0.4938672
1.0532811
0.3237131
0.3047887
0.38763613
0.7822078
0.45826083
0.4307073
0.28311
0.27026933
0.43227518
0.26814896
0.26820767
0.4586682
0.2354346
0.47147036
0.42399836
0.24648635
0.4849499
0.4601966
0.5143378
0.37526923
0.31750104
0.33866635
0.36066696
0.6298479
0.29394475
0.456164
0.4033811
0.44420213
0.31467226
0.4898945
0.5318936
0.45100477
0.48008862
0.29733193
0.50303984
0.4995154
0.18488707
0.3695231
0.39430386
0.690858
0.43751493
0.4104687
0.693468
0.24598043
0.8093615
0.36268413
0.45911464
0.52885634
0.41691864
0.86052173
0.5690535
0.44074756
0.49850708
0.53837293
0.29607832
1.0999254
0.7353914
0.38243616
0.47653025
0.62123436
0.3352871
0.27300942
0.45679027
0.21440785
0.3088889
0.40076137
0.40523484
0.34882838
0.42886907
0.2891998
0.20452103
0.32032004
0.566482
0.4636687
0.34467152
0.3314174
0.40069282
0.48989847
0.28497854
0.62137187
0.31279066
0.5201203
0.35714352
0.6139537
0.318566
0.29440483
0.49380267
0.37641802
0.3750012
0.59430546
0.24921149
0.4164204
0.57184786
0.52630275
0.4847498
0.36916775
0.44380224
0.43988603
0.30805042
0.3162249
0.7998836
0.65572363
0.28188607
0.26714534
0.2550165
0.6178976
0.8476795
0.26950943
0.30569124
0.41267
0.3795631
0.15670502
0.48953655
0.43793005
0.32412264
0.2736158
0.28060767
0.691295
0.43150586
0.33249965
0.4164068
0.39138556
0.35296625
0.41397554
0.31778145
0.7130275
0.32522255
0.4121423
0.42623743
0.30231062
0.8720329
0.70007837
0.49080992
0.22699755
0.38821357
0.5134064
0.32352486
0.23218647
0.5591319
0.56100273
0.48587155
0.4088047
0.31375873
0.32474327
0.35102093
0.3654592
0.19290978
0.69489837
0.4034618
0.59017503
0.84513414
0.31179342
0.6595756
0.5042355
0.4305471
0.51266515
0.30234936
0.49239147
0.8717231
0.47688967
0.48891824
0.40891334
0.269525
0.3849812
0.2988727
0.3401107
0.34428853
0.22091824
0.5661286
0.47748858
0.7803232
0.28571638
0.48065802
0.477189
0.58633184
0.5208381
0.28651416
0.2926237
0.5006024
0.22621357
0.23161624
0.3481127
0.2642678
0.23909113
0.31622687
0.32762063
0.33570006
0.5654948
0.31441543
0.5147717
0.60195553
0.45218056
0.46601373
0.76754856
0.34300894
0.34962615
0.30880877
0.21361122
0.55068624
0.23414373
0.28292713
0.24885692
0.5154129
0.42714787
0.6072731
0.391241
0.49188918
0.34144062
0.8391506
0.3169988
0.3256176
0.37214005
0.2692309
0.31005055
0.36921063
0.35514224
0.46985173
0.5060664
0.7068785
0.54029584
0.63667476
0.41675872
0.51428473
0.30002168
0.64862055
0.2108714
0.3454877
0.3553302
0.5549985
0.40554732
0.48373806
0.28254217
0.66422606
0.27056712
0.5915493
0.25680977
0.37643972
0.8439283
0.45790365
0.31067276
0.29671308
0.31975123
0.40831745
0.31299114
0.7142473
0.7226275
0.4409792
0.5099107
0.30030838
0.28939787
0.50256443
0.31299314
0.3259481
0.31211963
0.39895427
0.6747236
0.41256678
0.4452843
0.6447228
0.890845
0.53811395
0.39054662
0.5298058
0.4010244
0.51601535
0.3543362
0.39319286
0.2599529
0.25701067
0.364836
0.5284347
0.2904856
0.27024156
0.3587427
0.2908285
0.34683412
0.7152352
0.24316257
0.48006156
0.516247
0.43012086
0.23403832
0.5402906
0.3126122
0.18647791
0.29261672
0.68663406
0.24109599
0.17365205
0.29336014
0.47963583
0.53826237
0.57285774
0.42421517
0.5379896
0.5091301
0.28186342
0.25744933
0.2798301
0.32016063
0.46915776
0.39955306
0.3808583
0.30681062
0.37713328
0.30322185
0.28859884
0.25958577
0.28466645
0.3555078
0.46370828
0.30874994
0.4963619
0.33769462
0.41970667
0.25182408
0.53708416
0.36274898
0.31545374
0.36963642
0.5609243
0.29738095
0.5689378
0.39923662
0.34525585
0.25593603
0.28880173
0.3448817
0.40540177
0.5612591
0.40738964
0.6521123
0.43536055
0.35619444
0.5423005
0.29625326
0.67111516
0.48804545
0.4644571
0.3431084
0.40661317
0.2800342
0.5419001
0.33192486
0.41603988
0.7499441
0.34858745
0.5013909
0.29119802
0.29993358
0.58506995
0.61149764
0.17085712
0.2967975
0.61287063
0.6568072
0.41827387
0.23133281
0.43356714
0.44547808
0.43507802
0.5304928
0.86676055
0.5746182
0.3166604
0.45746282
0.6942872
0.421089
0.8651937
0.27261472
0.38275036
0.70226747
0.150025
0.55823576
0.3310246
0.38759166
0.6998594
0.48926836
1.1072643
0.33470917
0.4523411
0.3173561
0.44403625
0.4062377
0.70389116
0.3527429
0.47021413
0.47350046
0.27959746
0.34785664
0.39992395
0.3517869
0.538893
0.5065836
0.2816855
0.43518624
0.49383375
0.8399709
0.52621114
0.5822009
0.32533157
0.55184335
0.3739892
0.6334244
0.31903362
0.3536311
0.5448713
0.3145383
0.40254238
0.5242275
0.4698452
0.5457145
0.5110509
0.273931
0.72128296
0.8219811
0.3608417
0.7754777
0.49135834
0.40930867
0.46061513
0.5020313
0.3508637
0.39571786
0.42097658
0.51273406
0.2576236
0.26848093
0.29486194
0.3648942
0.33781597
0.49331596
0.21885817
0.44462386
0.2682573
0.4378942
0.23865274
0.4153729
0.43225646
0.35303834
0.38731274
0.44579232
0.6685755
0.356527
0.26568657
0.3713354
0.52943957
0.60162127
0.26232746
0.45787132
0.24717616
0.79103243
0.44040766
0.44829753
0.57503366
0.3301919
0.18744367
0.5213215
0.6662818
0.38187096
0.3346217
0.24965525
0.60581183
0.43789357
0.56968963
0.34281737
0.36948982
0.14583547
0.37141517
0.52811074
0.65840733
0.49907708
0.3059809
0.29789102
0.359811
0.36387107
0.32538682
0.57634294
0.39311278
0.37575373
0.35601172
0.37077212
0.20999911
0.5625362
0.54825675
0.35596347
0.17700791
0.33107924
0.44441646
0.3223719
0.39025944
0.47935212
0.4120415
0.3965048
0.34502733
0.48431513
0.29020047
0.57480586
0.35275307
0.62629575
0.26695076
0.39383963
0.3163445
0.24129662
0.25480646
0.4262097
0.6151465
0.22277664
0.45197475
0.42325458
0.3136334
0.27079952
0.7592567
0.6482843
0.2789068
0.32178158
0.46030056
0.23092154
0.28678662
0.4915341
0.3077314
0.5122479
0.38570353
0.42531258
0.5499084
0.66439044
0.7739033
0.31512132
0.589502
0.49773556
0.5267857
0.40115675
0.22781274
0.66438454
0.2992266
0.38812566
0.569008
0.36660016
0.4193744
0.53967637
0.3681514
0.49445283
0.3056785
0.25512207
0.35716453
0.3024097
0.37735853
0.42836013
0.26869488
0.43027186
0.6010905
0.18052968
0.2736569
0.39151505
0.48114982
0.55311173
0.6596811
0.40794617
0.56822467
0.6329571
0.35576627
0.6130952
0.57845116
0.5090147
0.58832276
0.4562946
0.43188214
0.7693286
0.37768352
0.29845452
0.5576741
0.56571454
0.5038338
0.34155622
0.54239786
0.2889314
0.814829
0.77907574
0.5595043
0.38406983
0.84417963
0.35335326
0.58590794
0.60653293
0.85995793
0.6400813
0.42185107
0.5131537
0.43284523
0.3117796
0.3674188
0.43413728
0.4972933
0.59580225
0.64770633
0.5267253
0.41967666
0.8055421
0.4381628
0.23260991
0.4612841
0.5547027
0.5692537
0.66442585
0.32211283
0.40734974
0.6302898
0.5196105
0.6593933
0.47916934
0.568239
0.27381268
0.74452996
0.36588767
0.5668208
0.3522479
0.65492964
0.481439
0.34133357
0.39190188
0.28799194
0.54746664
0.5303627
0.3040024
0.7182505
0.5110246
0.44714794
0.6218432
0.5279742
0.48622134
0.46921283
0.37034118
0.57410485
0.36597392
0.34311482
0.6154424
0.58604205
0.71973884
0.46676618
0.29475513
0.48525837
0.55451363
0.45488876
0.30051914
0.6891393
0.2974236
0.40246293
0.41078925
0.6848233
0.83182085
0.4220333
0.5643081
0.4611672
0.6493249
0.85934365
0.8529017
0.6181747
0.8289895
0.6071016
0.48571795
0.29195803
0.31522128
0.26899293
0.42447606
0.57127494
0.7275467
0.25799274
0.32965058
0.4800158
0.48683253
0.8202807
0.20979036
0.63682705
0.3461601
0.59819245
0.53378534
0.40502772
0.42350644
0.6228639
0.4225454
0.3300808
0.5596926
0.40794662
0.47606486
0.3122833
0.5626315
0.463378
0.33069608
0.2774721
0.46894166
0.52779394
0.35402402
0.73152584
0.4439796
0.3500838
0.6395235
0.8964435
0.5295048
0.36070284
0.3264528
0.567941
0.43702295
0.55780524
0.4884005
0.54009837
0.575146
0.33597973
0.5626756
0.4058441
0.27244246
0.5121794
0.77985466
0.47928572
0.29403895
0.61128616
0.50416684
0.4997358
0.5184144
0.40625393
0.3233745
0.42268264
0.2702394
0.40372014
0.48873088
0.33400968
0.4929875
0.40332383
0.2905293
0.46278834
0.5089457
0.29199326
0.5029372
0.3521207
0.3424163
0.42999327
0.69641054
0.58159035
0.49538103
0.13493548
0.47253016
0.4462003
0.53857875
0.48830456
0.48441213
0.46145767
0.7614997
0.2735121
0.36221147
0.45642725
0.41522756
0.55012035
0.30655634
0.3609904
0.47964978
0.5764865
0.46088392
0.40840572
0.22797133
0.56262356
0.23014821
0.5446933
0.35537726
0.3261419
0.58658504
0.4803406
0.32845938
0.36468214
0.32376122
0.53633064
0.2606114
0.49553353
0.45881706
0.24888955
0.3970217
0.55041015
0.3999217
0.4948185
0.39175397
0.62097085
0.4517129
0.45806202
0.5006422
0.5085731
0.28463566
0.65002745
0.34723866
0.37079728
0.38307023
0.45077065
0.34013703
0.49011314
0.37847337
0.64420176
0.39396796
0.42672965
0.4900533
0.48989046
0.43199992
0.53069085
0.47566077
0.42096898
0.54144275
0.628294
0.3036983
0.3699672
0.653663
0.32427156
0.43667275
0.59711695
0.25984234
0.20067492
0.2572177
0.31450468
0.3708577
0.57927084
0.3772965
0.36041903
0.29149652
0.4016497
0.41940928
0.30357644
0.3708973
0.27668068
0.3543719
0.55954885
0.43892708
0.5161723
0.35929367
0.58459276
0.39384443
0.43156618
0.29121447
0.31742772
0.22401646
0.42881548
0.40406233
0.48353803
0.5608034
0.3390835
0.40183574
0.49745914
0.26075506
0.37657547
0.36407357
0.51816285
0.5586803
0.23241831
0.7028718
0.3072797
0.32695466
0.29572752
0.25926128
0.4771021
0.59874934
0.3795576
0.4244276
0.23440008
0.8703012
0.485659
0.2927763
0.5593877
0.45051354
0.4744061
0.6181587
0.3587811
0.33810836
0.4233945
0.57583827
0.35082966
0.34870672
0.49489772
0.5405537
0.47651184
0.24337022
0.69322467
0.37699783
0.360284
0.38767433
0.22199333
0.6028726
0.40754122
0.3978768
0.4425606
0.46238723
0.553637
0.39938566
0.35623828
0.56698537
0.57555056
0.51840794
0.29245025
0.39224863
0.3078117
0.3721761
0.93198174
0.43656206
0.4789953
0.32166892
0.49755752
0.4886828
0.35151976
0.23367575
0.5060055
0.2665234
0.42830768
0.5427782
0.33461958
0.50616026
0.46941328
0.35689947
0.336497
0.43074453
0.43876225
0.47694373
0.5950607
0.3615744
0.24777395
0.4217128
0.33064756
0.2965928
0.101874106
0.51832986
0.40590668
0.34325856
0.39788556
0.16648036
0.2359348
0.43530285
0.51310444
0.36443982
0.5743875
0.64379
0.5063256
0.36795598
0.27842662
0.5475147
0.17912187
0.23959911
0.5285274
0.4302206
0.46339175
0.5848403
0.44935226
0.20423776
0.50966126
0.29337403
0.29665357
0.37181783
0.1751487
0.41120425
0.49685
0.31812018
0.34114656
0.3073925
0.1927594
0.3627609
0.41931063
0.4317787
0.46578
0.2330832
0.2554072
0.3703096
0.41433063
0.34850806
0.23769575
0.24659507
0.2223316
0.28343382
0.20925254
0.51004446
0.46436965
0.5685252
0.40548426
0.19819883
0.33271304
0.38411215
0.2999034
0.45682102
0.31785098
0.41055682
0.34762955
0.35248798
0.33579022
0.338454
0.36296645
0.44825357
0.23770157
0.34024498
0.23651356
0.69774425
0.35670316
0.49947384
0.5394987
0.45699134
0.1853039
0.50824547
0.2519788
0.5713233
0.25962633
0.52652323
0.31255108
0.23607962
0.38789427
0.4420247
0.28657132
0.21016729
0.40074772
0.32327047
0.41063455
0.5319406
0.64315045
0.4738493
0.6963433
0.37887093
0.32184204
0.4464515
0.34936598
0.3447124
0.3411713
0.3311393
0.17176928
0.4824185
0.2914238
0.28286463
0.28758228
0.3185947
0.51557314
0.2381844
0.3287253
0.39119202
0.58743775
0.4156079
0.44246143
0.6859523
0.26859534
0.48302773
0.78763175
0.50948644
0.34546092
0.20022872
0.33198845
0.5013584
0.46801952
0.3207528
0.34124166
0.34736714
0.3253615
0.31557688
0.27753899
0.77688503
0.2320748
0.28100663
0.3525671
0.98371625
0.5584457
0.3419381
0.4376541
0.5468267
0.356381
0.5175283
0.38056076
0.4042433
0.30868283
0.53014433
0.3947246
0.28626412
0.42683148
0.37269545
0.3563944
0.36308396
0.20059142
0.42335385
0.39108157
0.38003042
0.41401014
0.37450266
0.36948332
0.3797065
0.2499654
0.47995034
0.34319395
0.22809839
0.37225264
0.36566824
0.5658453
0.3257503
0.3614819
0.15930104
0.55136126
0.38439354
0.64633346
0.28692526
0.27381194
0.20492783
0.19695243
0.39037207
0.6448674
0.48554176
0.63711166
0.21495141
0.21963751
0.67056465
0.5517918
0.50720966
0.19373918
0.1894213
0.34122875
0.4404372
0.42778552
0.25324827
0.38803038
0.25356054
0.25551423
0.69290906
0.47010884
0.44845295
0.46349078
0.3822374
0.63010573
0.2861812
0.5052061
0.2591142
0.26475576
0.4978775
0.53304315
0.27747363
0.53090584
0.38667503
0.26138768
0.32135138
0.51621395
0.33546692
0.27224445
0.27396706
0.2778601
0.27472898
0.1562979
0.24828243
0.30950278
0.38639718
0.48480517
0.6497765
0.5668452
0.7926525
0.13395588
0.35041755
0.2699641
0.28253102
0.39251035
0.42477077
0.30543077
0.2316793
0.30592382
0.63403696
0.492676
0.3920201
0.8509457
0.6134449
0.55965436
0.33452287
0.4632138
0.44260567
0.3161784
0.5919157
0.41736382
0.7098613
0.31058326
0.45739722
0.41668504
0.7909251
0.31715956
0.39849553
0.8002559
0.34841973
0.5653549
0.20414566
0.502426
0.30027288
0.32304227
0.5857344
0.4777485
0.675631
0.3887101
0.47454864
0.31577513
0.24521023
0.2708601
0.41679755
0.7789359
0.2950588
0.41576102
0.19592983
0.28536177
0.33185053
0.34463656
0.4426405
0.32512736
0.36739638
0.4256791
0.4104805
0.3067254
0.4622551
0.5764247
0.35445952
0.32114357
0.37955528
0.6080396
0.44971025
0.23114064
0.31285098
0.37576932
0.41334876
0.5519244
0.39685896
0.54262066
0.6420337
0.4537326
0.30034223
0.25137967
0.28991634
0.42434186
0.5128887
0.32759422
0.667686
0.48616856
0.22335872
0.3640015
0.49628133
0.33374673
0.44099343
0.4117433
0.19009432
0.47285384
0.36827463
0.46143365
0.23578782
0.37369427
0.6066538
0.37001288
0.3669698
0.25132632
0.34727222
0.36157525
0.355091
0.40386915
0.45597583
0.44729018
0.3159892
0.21187355
0.3956406
0.24862915
0.65070164
0.36351418
0.43600518
0.34419316
0.7191488
0.26227725
0.2884464
0.30798334
0.16387862
0.5232078
0.3986232
0.315696
0.6188664
0.5335809
0.5591006
0.21723205
0.381378
0.26094428
0.297892
0.5283896
0.30088297
0.23018676
0.38200623
0.73493356
0.5449523
0.29523093
0.43436196
0.6640962
0.48722488
0.47263217
0.49091023
0.39002347
0.27337658
0.27310252
0.31941512
0.25859708
0.275052
0.56073725
0.50593114
0.2748909
0.36839205
0.41255787
0.34893197
0.54407
0.47783273
0.3301556
0.59188104
0.35331464
0.13952716
0.3882771
0.23023728
0.28965828
0.32950622
0.24907444
0.8031503
0.35028124
0.27420068
0.42069674
0.7817623
0.3648016
0.3566969
0.21223038
0.28234273
0.26064974
0.40446457
0.4508
0.31672454
0.2964151
0.30143046
0.551388
0.44947118
0.52015114
0.2918521
0.50479907
0.22458236
0.49489406
0.59835654
0.51506436
0.22880524
0.54677856
0.6482669
0.40973717
0.26757085
0.29157966
0.4218111
0.26289237
0.36125126
0.2145389
0.4395482
0.40993562
0.3267267
0.74079144
0.45127177
0.5271454
0.3011192
0.24317308
0.39335158
0.33870882
0.37224877
0.57812136
0.5339068
0.62920344
1.1352091
0.46000797
0.58073205
0.45158166
0.71421707
0.32171988
0.27368557
0.38216168
0.30442595
0.4147111
0.24458034
0.50538045
0.59879845
0.3055575
0.25616887
0.19207916
0.37351492
0.5264362
0.30254066
0.75415957
0.473566
0.35436875
0.508149
0.53719974
0.44255823
0.35169196
0.31916848
0.29054597
0.27262083
0.50929284
0.20642132
0.35584685
0.4094612
0.51797485
0.30683982
0.42325684
0.22686884
0.33511963
0.23442085
0.3712795
0.37782085
0.35783345
0.44203168
0.21439035
0.19200212
0.55677265
0.42425367
0.44737253
0.319939
0.37826836
0.44867885
0.234981
0.301855
0.4840604
0.29823363
0.4572698
0.33010653
0.4532669
0.3890432
0.43960354
0.41178823
0.36029094
0.37774134
0.5546703
0.63297474
0.43496045
0.50477344
0.55972767
0.35931885
0.47125354
0.7339659
0.42243683
0.3533311
0.43511686
0.42745128
0.21974592
0.5614032
0.33383742
0.7150733
0.32457668
0.34572458
0.39999366
0.4313661
0.45127636
0.16678974
0.24950299
0.64714575
0.4808118
0.4058175
0.18868317
0.24313617
0.28161258
0.45679638
0.40761083
0.4132952
0.2727254
0.43971294
0.3624178
0.6082995
0.5232491
0.4159209
0.40792942
0.40829897
0.59461784
0.3134659
0.28306976
0.40966094
0.47257668
0.3335784
0.23710918
0.5071376
0.28406578
0.2818644
0.36274588
0.31004214
0.2114015
0.73557967
0.58894026
0.27888775
0.52485406
0.3226917
0.49794918
0.43295938
0.35398644
0.16221376
0.4402306
0.420072
0.41646057
0.3533486
0.37950557
0.24151653
0.46234205
0.39764717
0.491176
0.72398674
0.40783775
0.29966646
0.42164475
0.24642755
0.26487693
0.40789005
0.37154123
0.5450554
0.70184076
0.5980675
0.23787941
0.56175697
0.88957214
0.46295053
0.40261358
0.3351023
0.6162646
0.41591108
0.30607665
0.3130489
0.30594492
0.3994813
0.4506578
0.36346766
0.24083209
0.51503897
0.64386237
0.6018367
0.61292315
0.32164288
0.42739183
0.42683113
0.35767138
0.15855917
0.43473163
0.23778367
0.43434185
0.49897292
0.67511845
0.27567786
0.36196208
0.39245087
0.3456514
0.29819405
0.5148741
0.31150466
0.40074822
1.0057741
0.40990952
0.5525199
0.43327427
0.30892256
0.24325329
0.29480845
0.66398275
0.47161186
0.44865012
0.5153
0.34427664
0.4914809
0.2610769
0.4315971
0.3113253
0.24798839
0.28974384
0.32987866
0.44090325
0.66041994
0.46783406
0.4808945
0.46674538
0.52113193
0.4851636
0.38720706
0.51963127
0.45986384
0.2421062
0.1684494
0.26989633
0.32084364
0.6504595
0.57278097
0.36354008
0.267139
0.31726417
0.3608727
0.37667978
0.3000206
0.32902494
0.5308119
0.24149461
0.47394735
0.47251168
0.24495116
0.19935498
0.31709763
0.30023468
0.5153688
0.23497148
0.13058278
0.35603702
0.25154424
0.47058803
0.3751862
0.6067234
0.41590345
0.3372004
0.23373148
0.2045982
0.26389307
0.27296114
0.33924168
0.28584236
0.33427715
0.23582272
0.30032155
0.2418885
0.4355992
0.21529607
0.20834334
0.33169004
0.51973486
0.37226516
0.40234274
0.16389778
0.25796068
0.41311586
0.51683295
0.2956935
0.4510584
0.11824486
0.23468971
0.27290258
0.3375799
0.22534911
0.3145172
0.39432642
0.3870768
0.45025986
0.8756769
0.5582726
0.27401608
0.25017214
0.50079346
0.27818432
0.31623274
0.31417593
0.41868138
0.48039863
0.6439421
0.55506814
0.2792871
0.45094427
0.40034214
0.36233315
0.6759298
0.3618172
0.31547907
0.45156163
0.3693994
0.3278976
0.30894566
0.28394657
0.33565852
0.24357598
0.5655769
0.69206095
0.276061
0.79153335
0.6053616
0.5232614
0.42366043
0.85373175
0.32187408
0.23166983
0.6153611
0.27606463
0.5626985
0.48370463
0.655671
0.5145885
0.2709996
0.50987995
0.37740868
0.45345116
0.36660606
0.38329893
0.41281992
0.45469308
0.4118863
0.3607235
0.54072666
0.4586023
0.44004238
0.75855243
0.34950548
0.39909387
0.42254215
0.36119777
0.40195462
0.39454904
0.40752667
0.6492504
0.4435835
0.4611466
0.5296837
0.4280042
0.41525322
0.36774656
0.4848848
0.28503248
0.46505418
0.84400535
0.5391276
0.41128063
0.41369754
0.30589625
0.49285766
0.37748745
0.28214374
0.4569692
0.49946928
0.34925756
0.24813592
0.37304097
0.39971092
0.6609145
0.5706287
0.5731844
0.28849313
0.36581358
0.32129633
0.34396362
0.33655033
0.6780807
0.33043677
0.5299295
0.41426906
0.43185544
0.16234826
0.1804458
0.24730001
0.620386
0.5581097
0.56524974
0.7002591
0.40975648
0.633129
0.5385982
0.5682455
0.23309834
0.2871512
0.4463403
0.7315358
0.3171398
0.40622967
0.4894752
0.20735875
0.2090046
0.25152043
0.4236409
0.7389297
0.48663312
0.21337268
0.5286939
0.35204947
0.63268995
0.27816465
0.52945334
0.53967255
0.5722519
0.27232623
0.6953039
0.42836756
0.29142243
0.51711684
0.7023899
0.5295787
0.6496365
0.49349898
0.3662834
0.82693934
0.32016325
0.37928966
0.7804961
0.41517943
0.40325063
0.3268336
0.87611914
0.43474525
0.3882212
0.45676386
0.41803724
0.47252715
0.69935095
0.25498205
0.98842275
0.7541877
0.36041194
0.39601243
0.63831085
0.3166899
0.35273182
0.2714884
0.5757095
0.5619816
0.4641885
0.53235376
0.4612165
0.55249405
0.8241055
0.6410203
0.33868372
0.50676584
0.40171093
0.77220845
0.26849073
0.21433139
0.38672438
0.22813973
0.3193581
0.31451976
0.4933046
0.28950423
0.65636265
0.4545831
0.29692644
0.5953641
0.2696739
0.4477381
0.40834722
0.5516901
0.44240397
0.2679
0.34286934
0.43460685
0.64953244
1.0050735
0.45831418
0.3609283
0.2916209
0.18694459
0.41099167
0.56715286
0.47225052
0.30916005
0.77452934
0.26837933
0.4656926
0.6430202
0.7197914
0.5478473
0.56841797
0.7213413
0.61508644
0.4713393
0.3191171
0.4848399
0.4392868
0.38716394
0.30197668
0.2515079
0.6067875
0.24586345
0.72236425
0.4255126
0.49403903
0.24433628
0.59409344
0.27001864
0.40774736
0.5322954
0.44686598
0.37512594
0.3854708
0.68639827
0.17398947
0.28813943
0.3541138
0.42239398
0.39203477
0.22073203
0.2910048
0.36814246
0.5104562
0.2660092
0.51953924
0.32872707
0.42960358
0.35864854
0.29394323
0.56111544
0.1990195
0.31577045
0.4275209
0.8204485
0.39441758
0.5210117
0.5314871
0.40504485
0.38681793
0.2989122
0.5544088
0.4155017
0.4415773
0.24653313
0.52730477
0.3699011
0.31851518
0.30281228
0.55949533
0.15299596
0.53208965
0.20782197
0.5330852
0.98503745
0.17326882
0.6213931
0.6797687
0.51194346
0.1816458
0.4641017
0.29347467
0.5198828
0.39322835
0.2516
0.4871799
0.37583494
0.43823862
1.1760054
0.30134994
0.3437816
0.49642953
0.4374805
0.6437341
0.3433045
0.3587559
0.44072765
0.7347369
0.7821876
0.5867989
0.43994275
0.24376911
0.45525903
0.6646503
0.6176573
0.6115975
0.23070282
0.7162793
0.27076823
0.46666837
0.52000785
0.38407215
0.46488792
0.37674558
0.33843383
0.49309367
0.5338681
0.37431765
0.29562026
0.30052716
0.4465233
0.6818807
0.32228458
0.62356836
0.5510162
0.24427117
0.3206038
0.46465576
0.7398213
0.5417656
0.43943185
0.29203835
0.3889845
0.30907828
0.5398308
0.44056115
0.5659968
0.53577787
0.25822914
0.3473732
0.8301345
0.46199477
0.4813859
0.35788476
0.43926
0.32012302
0.40705377
0.4582879
0.4240803
0.4188089
0.27926663
0.3734765
0.5915099
0.2986685
0.63758755
0.5231234
0.48212397
0.5713464
0.22968796
0.33880022
0.45582345
0.30686206
0.45989907
0.28471583
0.32944736
0.44995648
0.4011637
0.7220573
0.6652855
0.37681484
0.2921031
0.36438155
0.38922763
0.7217474
0.45854416
0.40836203
0.2917514
0.7581871
0.3539197
0.52645034
0.28724366
0.36323977
0.33587432
0.685376
0.38229442
0.7670407
0.3728466
0.19962355
0.5839822
0.19866297
0.6579864
0.65569025
0.38967985
0.5464716
0.63937205
0.4284196
0.44611004
0.23874578
0.34386927
0.31796765
0.49911648
0.7566879
0.31275982
0.22150922
0.58149683
0.52680546
0.4614625
0.40431282
0.21570513
0.42843273
0.3346264
0.22782935
0.29751116
0.39808998
0.28679174
0.40358236
0.491285
0.30411917
0.2939932
0.22746849
0.43026736
0.7985982
0.33229032
0.5597954
0.13823536
0.27956098
0.49131146
0.31479362
0.38207972
0.5763901
0.27335483
0.6139891
0.30004305
0.4747671
0.54289234
0.5589191
0.48446795
0.482414
0.386024
0.35976225
0.2177986
0.48259178
0.41423747
0.24501674
0.84762144
0.29079416
0.41265893
0.43106657
0.4049834
0.35118157
0.35984093
0.26965827
0.30434054
0.32696187
0.31384382
0.50606424
0.29850978
0.45171368
0.5369624
0.46451932
0.591218
0.28497216
0.24368218
0.4584921
0.44688222
0.5404611
0.446555
0.467704
0.36900538
0.32033184
0.30838764
0.34836698
0.5354616
0.64969695
0.6606893
0.27654436
0.33159998
0.27426052
0.49951378
0.6276545
0.24722159
0.29349238
0.41349462
0.33546817
0.31219578
0.3149102
0.46504334
0.39901927
0.44034803
0.15808727
0.33951446
0.35747254
0.26814514
0.41648415
0.5015566
0.35618818
0.6719711
0.24760756
0.18172061
0.4785903
0.44976956
0.8103992
0.20932093
0.32807413
0.31870222
0.5926274
0.3307259
0.67317784
0.35184348
0.13383766
0.2355802
0.5326743
0.4158438
