1.6109324
1.6087048
1.6110111
1.6105622
1.6062319
1.6134543
1.6063052
1.6052792
1.598664
1.6120422
1.6061996
1.6060839
1.6112783
1.6081176
1.6050718
1.6081576
1.6115439
1.6123896
1.6092473
1.6097429
1.6131488
1.6072114
1.6031227
1.606237
1.6124763
1.6064267
1.6094605
1.6073062
1.6109307
1.6011388
1.6159749
1.5976665
1.6011095
1.5975344
1.6094689
1.605259
1.5907137
1.5915961
1.5930264
1.610697
1.6076932
1.5756022
1.6124032
1.6102171
1.6084113
1.6003444
1.6148021
1.6093354
1.598627
1.6070853
1.5989217
1.591881
1.6123543
1.5830595
1.5920488
1.5845692
1.604443
1.6033409
1.6022303
1.6122602
1.6183141
1.6109983
1.5696156
1.5796595
1.6032356
1.6092418
1.6190331
1.5800552
1.5739276
1.5614481
1.6058137
1.6020612
1.5928347
1.5832547
1.5697008
1.5605218
1.5175934
1.609093
1.597359
1.6211045
1.5858048
1.5361283
1.5546962
1.5420482
1.5457646
1.5763297
1.5535536
1.5596347
1.5756829
1.6118966
1.5745983
1.5913457
1.5532695
1.5575271
1.4996686
1.6039991
1.524695
1.5668336
1.5759004
1.5521004
1.5021046
1.58801
1.535542
1.5929811
1.5453265
1.5933218
1.5768137
1.5510216
1.5713501
1.5683179
1.5015012
1.5099394
1.5402179
1.5722864
1.5826975
1.5695049
1.5917597
1.5367727
1.5472488
1.5468708
1.568172
1.5505894
1.5647861
1.4919105
1.5722184
1.5293365
1.5362446
1.557217
1.5762124
1.5157881
1.4638982
1.5913291
1.5430892
1.561175
1.5201142
1.513211
1.5148274
1.591223
1.4948697
1.5146277
1.5714285
1.5046184
1.5075206
1.5969515
1.4822254
1.6393726
1.5839763
1.5559682
1.5634682
1.5211152
1.5851685
1.4597938
1.5698264
1.5585449
1.57267
1.5789928
1.5352014
1.5414269
1.542934
1.4840533
1.5696399
1.6210488
1.4795702
1.5349436
1.5346017
1.5410447
1.5402427
1.5103782
1.4932119
1.4859123
1.4820001
1.4958316
1.519356
1.5920793
1.5338094
1.5212567
1.5171865
1.5363488
1.6156107
1.483289
1.4337649
1.4438198
1.4427608
1.4623554
1.590107
1.4040781
1.4521658
1.5375562
1.4879904
1.5110624
1.5130267
1.4928433
1.5479121
1.4775069
1.5689664
1.5067801
1.4655323
1.4606143
1.5498974
1.4465878
1.5015743
1.503942
1.4609194
1.4359169
1.3615677
1.464319
1.4763188
1.3736153
1.423489
1.3756621
1.4885027
1.4121137
1.469974
1.5052593
1.3524423
1.3936279
1.7407167
1.5032458
1.4759705
1.4409076
1.456336
1.5355202
1.5862126
1.4605436
1.5236005
1.478553
1.49683
1.483947
1.4850843
1.4711282
1.5047498
1.3569956
1.5157512
1.3917881
1.5026591
1.4993243
1.3712196
1.5291834
1.3559353
1.4776341
1.5194743
1.3464023
1.4445587
1.5662489
1.4186113
1.3575407
1.4333787
1.3921956
1.3494804
1.4603758
1.4493752
1.4580946
1.5270499
1.5189016
1.4352221
1.4186318
1.3719093
1.3507669
1.4688654
1.488296
1.5050522
1.4218359
1.4018935
1.4445401
1.4704254
1.2683017
1.3671092
1.4353766
1.5054994
1.3294165
1.4354657
1.5242908
1.4406159
1.4506453
1.2535529
1.4570541
1.448126
1.4787574
1.2716268
1.5279609
1.4513371
1.4127034
1.4299908
1.4386554
1.4581615
1.246156
1.3546017
1.4395207
1.2982111
1.4668252
1.244823
1.3003494
1.4474006
1.3634067
1.4665923
1.3071287
1.4005044
1.2588092
1.4159346
1.3643358
1.4497887
1.3487431
1.430141
1.3582995
1.2656641
1.3031994
1.3339262
1.4073772
1.3161472
1.4797006
1.435988
1.3051846
1.5675557
1.4652436
1.4267025
1.3701937
1.3613734
1.4821486
1.3359768
1.5477934
1.4618006
1.4552253
1.2344333
1.3791705
1.3836741
1.3478268
1.4604701
1.302171
1.4841475
1.1505575
1.3297348
1.4191484
1.4358541
1.3712645
1.2817507
1.484493
1.2893177
1.2639663
1.3257365
1.3109553
1.285967
1.4799345
1.2731504
1.4080098
1.4603078
1.2965082
1.3491006
1.5089569
1.248018
1.3587177
1.3610436
1.5291553
1.3137634
1.2045732
1.5453024
1.3839791
1.2264163
1.5269208
1.3114643
1.3818784
1.3609118
1.5489485
1.3310692
1.3489287
1.2401285
1.3758699
1.4483162
1.2920893
1.3039186
1.3295033
1.4341065
1.5118825
1.4641789
1.3304873
1.5093524
1.3079221
1.3592494
1.4515562
1.5221075
1.3227389
1.387574
1.299943
1.4084647
1.2573199
1.2788286
1.4001591
1.1812236
1.3100795
1.3940988
1.267309
1.4448524
1.3455578
1.484982
1.4040178
1.2644416
1.3971479
1.5198448
1.3956476
1.402583
1.3006792
1.4969006
1.3360989
1.4224613
1.4576193
1.2569795
1.5344744
1.3210018
1.2801076
1.3435019
1.4258268
1.5116289
1.4272599
1.4012907
1.2811811
1.3859632
1.4923586
1.394496
1.4810472
1.4371147
1.4319603
1.3990632
1.447728
1.3910025
1.45376
1.4281579
1.1976868
1.5000387
1.3380986
1.2844536
1.2951376
1.2171135
1.2441211
1.2184193
1.4241061
1.2913303
1.339359
1.2555125
1.183997
1.3633658
1.3199427
1.3502443
1.3619349
1.2410179
1.3079929
1.4251604
1.3574368
1.4200568
1.570921
1.3590271
1.3533839
1.3774183
1.2901964
1.277293
1.465837
1.1521752
1.1960905
1.3387833
1.3409383
1.4832652
1.4201443
1.2134097
1.4417522
1.3111719
1.2722299
1.2273628
1.1954486
1.4568698
1.3134549
1.3604759
1.511331
1.1914225
1.3258361
1.2570717
1.1875931
1.4348663
1.3448145
1.4177382
1.379993
1.3837345
1.2472091
1.310874
1.4437789
1.2407911
1.4846039
1.5332217
1.5389132
0.9920847
1.388649
1.2424691
1.2367151
1.2646464
1.3407464
1.1178083
1.4033663
1.5809277
1.3380098
1.2925345
1.3394729
1.383255
1.2365851
1.241109
1.4587991
1.30527
1.4109656
1.0975543
1.2823017
1.3586191
1.3294035
1.2387438
1.1881398
1.3793768
1.2191887
1.3841068
1.3332107
1.3543229
1.3000195
1.3458405
1.1600188
1.2419288
1.1631876
1.2776625
1.462599
1.2733092
1.2522194
1.5053103
1.152848
1.4566681
1.2966931
1.2466401
1.2926642
1.1077545
1.3790543
1.5161134
1.3748888
1.237809
1.3585256
1.3241665
1.2909846
1.1497902
1.3607662
1.1897578
1.0687969
1.3304368
1.4305611
1.3336049
1.2510611
1.3652283
1.4288137
1.2304649
1.3218846
1.4736125
1.3119476
1.3121637
1.3706505
1.2152745
1.1598319
1.1735597
1.2574861
1.1021993
1.2377563
1.4935328
1.1916953
1.233921
1.295497
1.4627733
1.3588946
1.3921036
1.2837305
1.2247405
1.3284763
1.4069941
1.3289826
1.0931389
1.2882673
1.3357937
1.3931385
1.2285056
1.312361
1.2256575
1.2773565
1.3248901
1.265528
1.3717827
1.2873846
1.3262057
1.2660339
1.2827157
1.1990702
1.1861527
1.2595041
1.2596825
1.2923454
1.233763
1.284037
1.362616
1.2097334
0.95996237
1.4619328
1.2919626
1.3702066
1.552731
1.2623367
1.4247538
1.273524
1.4164808
1.3421459
1.2069969
1.2516212
1.2931597
1.2752385
1.2958575
1.2704549
1.353487
1.3147657
1.5466788
1.3025
1.4165821
1.1834536
1.3475921
1.2049291
1.0981727
1.2881429
1.3797065
1.2835511
1.216049
1.3663483
1.2105353
1.2706254
1.3172307
1.2995038
1.221219
1.3818399
1.3712528
1.229239
1.2315147
1.2052481
1.2846901
1.3617948
1.0697496
1.1737771
1.2312967
1.2172239
1.3633163
1.2911227
1.2243314
1.1968654
1.2385864
1.451337
1.309598
1.2541287
1.4907869
1.3920258
1.095094
1.5024567
1.2326016
1.3598647
1.1731651
1.2953756
1.3441098
0.9853851
1.2373972
1.1539767
1.1848377
1.1997917
1.251238
1.3808686
1.2595054
1.0666354
1.4793174
1.4550364
1.2390928
1.0406895
1.222373
1.3240292
1.4317783
1.0405321
1.1694748
1.240175
1.422785
1.1850815
1.1959203
1.3050338
1.2340298
1.113657
1.3706019
1.3470736
1.2594591
1.2945982
1.6210065
1.2851537
1.1625662
1.3157327
1.1438792
1.1303678
1.4317024
1.3976473
1.3054018
1.120512
1.1089271
1.2646005
1.2439349
1.4310617
1.3483653
1.2342038
1.3676823
1.1626005
1.1884804
1.1037242
1.3754504
1.5460061
1.3156215
1.0938551
1.0556988
1.1157358
1.2439117
1.0952649
1.4460158
1.2980266
1.2015555
1.309165
1.5751815
1.1787701
1.4081061
1.14757
1.3862826
1.353034
1.2082999
1.1624565
1.2689743
1.152251
1.1875435
1.2184238
1.1276124
1.2109926
1.2757587
1.4078256
1.0849849
1.384214
1.1929162
1.2450771
1.2135552
1.0464566
1.184057
1.2718747
1.1502652
1.3425827
1.1847409
1.2919555
1.2684618
1.273417
1.1518583
1.2410698
1.2658803
1.2356635
1.3255473
1.2926109
1.3386061
1.3143277
1.3721675
1.1277703
1.3105214
1.1377022
1.1403255
1.3589122
1.237198
1.1170157
0.9589832
1.1532668
1.1312504
1.299676
1.3301814
1.2218058
1.277215
1.2769806
1.0972271
1.1906873
1.1892555
1.2304673
1.2444482
1.3458693
1.0829849
1.2269013
1.1383808
1.1949271
1.3016356
1.3108138
1.3721098
1.2743123
1.3239264
1.4294077
1.2589252
1.0735095
1.1797962
1.308178
1.2334249
1.1468252
1.0654922
1.3770542
0.97829187
1.2137178
1.0995957
1.2625148
1.0640404
1.1647185
1.4219897
1.2284241
1.3454838
1.1640844
1.3236957
1.2366588
1.1476612
1.2622242
1.2058108
1.1281805
1.2415692
1.2094564
1.2059665
1.250735
1.1904584
0.8896682
1.3190912
1.188144
1.4130476
1.314087
1.2015193
1.0802802
1.2822876
1.1267239
1.1735715
1.208415
1.169869
1.0745859
1.5138793
1.1018108
1.3014991
1.126097
1.2060645
1.2921677
1.2814277
1.2146201
1.1493154
1.2824585
1.0798962
1.2178866
1.2949798
1.1705346
1.0352046
1.1916325
1.3469625
1.2426955
1.275806
1.1105547
1.202784
1.3033528
1.2280257
1.0400299
1.1255376
1.3083286
1.2530482
1.2375543
1.3235703
1.1986738
1.2242565
1.2807943
0.98866546
1.1696618
0.9975212
1.2448534
1.2211081
1.0663747
1.3020341
1.1642876
1.3792105
1.21668
1.1153042
1.1879032
0.9966936
1.318511
1.1577334
1.1164696
1.0354207
1.2398833
1.224898
1.2570565
1.1433125
1.1908057
1.0616937
1.2637417
1.3368801
1.2248132
1.3418803
1.2073166
0.95344627
1.0981902
1.1897306
1.1663444
1.025033
1.3111022
1.2360864
1.0387768
1.2956264
1.1834453
1.1898177
1.3167706
1.2451509
1.3089454
1.1740223
1.190836
1.3750992
1.2321293
1.2039254
1.1501211
1.1716242
1.0296865
1.4087046
1.0623839
1.0632335
1.3339062
1.1640793
1.394218
1.254261
1.2284601
1.3730612
1.3356832
1.0572836
1.2901956
1.1949749
1.2000735
1.1321468
1.1201913
1.0219901
1.5129311
1.1673319
1.1346724
1.2799989
1.2117777
1.1872218
0.9972855
0.9834279
1.117981
1.2403517
1.2890552
1.4293085
1.2871203
1.2602922
0.8745467
1.3830884
1.2289658
1.1971698
1.3310716
1.1260545
1.1141279
1.1262034
1.023992
1.2715812
1.1887997
1.4905357
1.1594324
0.9965744
1.0123755
1.1451762
1.190602
1.3791889
1.1817027
1.2042503
1.0312929
1.0734922
1.4528964
1.1569818
1.3475463
1.1274217
1.1400813
1.3096614
1.0956628
1.1401817
1.0301768
1.356574
1.042675
1.1488061
1.316275
1.2820573
1.1210592
1.2619917
1.0196556
1.1978502
1.2351803
0.97142637
1.218775
1.2316859
1.198999
1.2332845
1.1508539
1.0975099
1.2982792
1.3279942
1.1357524
0.98539877
1.125087
1.1512403
1.1493149
1.0698483
