0.2
0.2
0.2
0.2
0.15
0.25
0.2
0.3
0.4
0.2
0.2
0.15
0.15
0.25
0.2
0.15
0.05
0.15
0.3
0.25
0.15
0.3
0.2
0.2
0.15
0.3
0.15
0.25
0.1
0.3
0.15
0.25
0.25
0.2
0.2
0.1
0.25
0.25
0.25
0.2
0.15
0.35000002
0.15
0.2
0.1
0.05
0.15
0.25
0.25
0.15
0.2
0.15
0.2
0.4
0.3
0.35
0.3
0.2
0.2
0.4
0.2
0.25
0.2
0.4
0.3
0.15
0.2
0.25
0.45000002
0.35000002
0.1
0.1
0.3
0.3
0.3
0.3
0.5
0.25
0.3
0.25
0.25
0.35
0.40000004
0.4
0.3
0.4
0.3
0.25
0.35000002
0.1
0.35000002
0.25
0.35
0.25
0.4
0.2
0.40000004
0.3
0.25
0.25
0.35
0.25
0.25
0.15
0.35
0.25
0.25
0.35
0.3
0.35
0.15
0.35
0.3
0.35000002
0.3
0.25
0.2
0.35000002
0.3
0.3
0.2
0.3
0.3
0.25
0.3
0.40000004
0.3
0.55
0.35000002
0.3
0.45
0.2
0.4
0.35
0.4
0.3
0.4
0.3
0.35000002
0.2
0.3
0.3
0.4
0.25
0.5
0.3
0.3
0.3
0.3
0.4
0.25
0.5
0.3
0.4
0.25
0.3
0.4
0.4
0.35
0.4
0.45000002
0.25
0.3
0.35000002
0.3
0.3
0.35
0.3
0.3
0.35
0.35000002
0.3
0.3
0.25
0.25
0.5
0.40000004
0.3
0.35000002
0.45000002
0.6
0.5
0.4
0.4
0.25
0.5
0.4
0.2
0.35000002
0.45000002
0.4
0.3
0.3
0.35000002
0.35000002
0.3
0.55
0.4
0.3
0.4
0.4
0.35000002
0.45000002
0.35000002
0.45000002
0.45000002
0.45000002
0.5
0.35000002
0.55
0.45000002
0.45000002
0.4
0.35000002
0.45000002
0.5
0.3
0.3
0.45
0.4
0.4
0.35000002
0.2
0.45000002
0.25
0.35000002
0.4
0.4
0.5
0.45000002
0.5
0.5
0.3
0.5
0.35000002
0.35
0.4
0.25
0.5
0.45
0.3
0.45000002
0.45
0.45000005
0.45000002
0.4
0.3
0.45000002
0.5
0.45000002
0.4
0.3
0.3
0.25
0.4
0.45
0.45
0.45000002
0.3
0.4
0.4
0.35000002
0.5
0.4
0.40000004
0.6
0.5
0.2
0.5
0.45000002
0.5
0.25
0.4
0.45000002
0.6
0.35
0.45
0.3
0.5
0.35
0.45000002
0.35000002
0.45
0.35000002
0.4
0.55
0.45000002
0.35000002
0.5500001
0.35000002
0.65
0.65
0.35000002
0.4
0.35
0.55
0.45000002
0.55
0.4
0.35000002
0.3
0.55
0.3
0.55
0.4
0.5
0.50000006
0.45000002
0.55
0.35000002
0.35000002
0.55
0.25
0.3
0.35000002
0.4
0.35000002
0.5
0.4
0.4
0.4
0.35000002
0.65
0.45000002
0.3
0.45
0.3
0.6
0.3
0.55
0.45000002
0.45
0.4
0.5
0.6
0.25
0.5
0.55
0.5
0.45
0.45000002
0.4
0.55
0.45000002
0.45000002
0.6
0.35000002
0.35
0.6
0.55
0.4
0.35000002
0.45000002
0.6
0.4
0.55
0.4
0.2
0.45
0.4
0.4
0.15
0.4
0.55
0.55
0.5
0.35000002
0.55
0.45
0.4
0.4
0.5
0.40000004
0.55
0.45000002
0.3
0.35
0.45
0.3
0.6
0.5
0.45000002
0.35000002
0.6
0.4
0.5
0.6
0.45000002
0.45000002
0.55
0.55
0.5
0.45
0.5
0.45000002
0.45000002
0.45000002
0.45000002
0.6
0.6
0.4
0.45000002
0.4
0.40000004
0.65
0.3
0.45000002
0.35
0.4
0.55
0.35000002
0.45
0.6
0.4
0.35000002
0.3
0.45000002
0.35000002
0.4
0.5
0.35
0.4
0.5
0.45
0.4
0.65000004
0.35000002
0.55
0.5
0.45
0.45000002
0.45000002
0.5
0.45000002
0.55
0.5
0.65000004
0.6
0.5
0.45000002
0.35000002
0.55
0.5
0.35
0.4
0.45000002
0.45000002
0.25
0.35
0.45000002
0.4
0.45
0.5
0.35000002
0.6
0.55
0.35
0.5
0.4
0.4
0.6
0.35
0.4
0.5
0.55
0.6
0.35000002
0.45000002
0.5
0.4
0.65
0.45000002
0.4
0.55
0.35
0.5
0.45
0.5
0.45000002
0.55
0.45000002
0.25
0.5
0.4
0.3
0.4
0.8
0.35
0.45000002
0.65000004
0.45000002
0.35
0.5
0.35000002
0.3
0.55
0.55
0.45
0.45
0.6
0.5
0.45000002
0.6
0.45000002
0.55
0.45000002
0.5
0.5
0.45000002
0.45000002
0.4
0.6
0.25
0.45
0.6
0.45000002
0.45000002
0.45000002
0.45000002
0.45
0.5
0.35000002
0.35
0.4
0.3
0.6
0.35
0.35000002
0.55
0.45000002
0.65000004
0.55
0.35000002
0.55
0.45000002
0.5
0.55
0.3
0.55
0.35000002
0.7
0.6
0.45000002
0.45000002
0.6
0.5
0.45000002
0.45
0.6
0.5
0.3
0.55
0.55
0.4
0.65
0.5
0.6
0.45000002
0.6
0.5
0.40000004
0.6
0.55
0.6
0.4
0.3
0.45
0.45000002
0.5
0.45000002
0.5
0.5
0.55
0.4
0.55
0.4
0.5
0.4
0.45000002
0.5
0.45000002
0.55
0.4
0.45
0.3
0.45000002
0.45000002
0.55
0.5
0.45000002
0.6
0.6
0.45
0.40000004
0.55
0.5
0.7
0.40000004
0.4
0.5
0.4
0.5
0.35000002
0.45000002
0.55
0.5
0.55
0.45
0.55
0.5
0.35000002
0.45000002
0.6
0.4
0.25
0.5
0.45000002
0.55
0.45000002
0.5
0.70000005
0.45000002
0.3
0.4
0.55
0.55
0.55
0.5
0.4
0.5
0.55
0.6
0.3
0.45000002
0.55
0.5
0.45000002
0.5
0.6
0.55
0.70000005
0.6
0.4
0.45
0.35
0.45
0.6
0.5
0.5
0.55
0.4
0.5
0.7
0.40000004
0.45000002
0.45000002
0.55
0.6
0.3
0.8
0.55
0.55
0.55
0.6
0.40000004
0.4
0.4
0.65000004
0.25
0.4
0.55
0.55
0.55
0.5
0.4
0.55
0.6
0.5
0.55
0.65000004
0.55
0.45
0.55
0.65000004
0.4
0.5
0.35
0.4
0.4
0.55
0.5
0.45000002
0.55
0.65
0.45000002
0.35
0.4
0.55
0.6
0.6
0.45
0.4
0.5
0.4
0.5
0.55
0.6
0.65000004
0.45000002
0.45
0.5
0.65
0.55
0.55
0.45000002
0.45000002
0.45
0.4
0.4
0.5
0.25
0.55
0.5
0.6
0.5
0.5
0.4
0.6
0.50000006
0.65000004
0.55
0.5
0.6
0.5
0.45000002
0.5
0.65
0.35000002
0.6
0.45
0.55
0.6
0.55
0.5
0.55
0.4
0.45000002
0.45000002
0.45000002
0.35000002
0.75
0.55
0.40000004
0.55
0.55
0.55
0.4
0.4
0.45000002
0.65
0.45
0.6
0.55
0.4
0.4
0.6
0.6
0.55
0.65
0.5
0.50000006
0.5
0.45000002
0.55
0.55
0.4
0.5
0.6
0.5
0.45000002
0.6
0.5
0.65
0.45000002
0.45000002
0.55
0.5
0.6
0.35000002
0.35000002
0.55
0.6
0.5
0.55
0.6
0.55
0.5
0.4
0.65
0.5
0.5
0.45000002
0.55
0.6
0.3
0.45000002
0.4
0.65
0.55
0.5
0.6
0.55
0.6
0.6
0.55
0.55
0.6
0.5
0.5
0.75
0.6
0.6
0.35000002
0.40000004
0.45000002
0.65
0.5
0.6
0.65
0.65000004
0.5
0.65000004
0.45000002
0.55
0.6
0.5
0.55
0.45
0.4
0.55
0.6
0.55
0.65000004
0.45000002
0.55
0.7
0.65000004
0.5
0.5
0.55
0.55
0.6
0.35
0.65000004
0.55
0.5
0.6
0.4
0.35
0.55
0.45
0.45000002
0.65
0.5
0.7
0.55
0.70000005
0.45000002
0.4
0.55
0.5
0.55
0.4
0.70000005
0.65
0.5
0.65
0.5
0.5
0.45
0.7
0.45000002
0.55
0.45
0.7
0.7
0.6
0.45
0.45000002
0.5
0.55
0.5
0.5
0.45000002
0.65000004
0.6
0.6
0.4
0.7
0.65000004
0.45000002
0.45000002
0.5
0.5
0.55
0.45000002
0.45000002
0.5
0.4
0.45000002
0.70000005
0.6
0.5
0.6
0.35000002
0.55
0.6
0.45000002
0.65000004
0.4
0.5
0.45000002
0.3
0.45000002
0.65000004
0.35000002
0.5
0.55
0.6
0.5
0.55
0.3
0.5
0.55
0.55
0.65000004
0.5
0.6
0.6
0.55
0.55
0.4
0.55
0.5
0.45000002
0.9
0.45000002
0.55
0.45000002
0.4
0.55
0.5
0.55
0.65
0.6
0.6
0.4
0.6
0.70000005
0.65000004
0.45000002
0.5
0.5
0.55
0.5
0.6
0.65
0.25
0.6
0.4
0.5
0.65000004
0.45000002
0.55
0.4
0.6
0.3
0.65000004
0.70000005
0.5
0.4
0.6
0.55
0.75
0.5
0.55
0.55
0.6
0.5
0.55
0.55
0.55
0.6
0.4
0.4
0.7
0.75
0.6
0.6
0.6
0.45000002
