2.4465482
2.4554973
2.266817
2.1386995
2.4075847
2.161893
2.223927
2.1690583
2.2698495
2.2287118
2.2131104
2.4385262
2.005674
2.3700523
2.2751079
2.3191204
2.3286657
2.3812006
2.1885986
2.2541788
2.2471626
2.263564
2.2700865
2.255216
2.3031917
2.5085225
2.3042731
2.244873
2.3434372
2.246765
2.1159766
2.0894809
2.2099292
2.0737114
2.5328546
2.5137882
2.1836607
2.2754123
2.199285
1.9878614
2.2966294
2.25873
2.2826002
2.1665673
2.2198462
1.9850912
2.1549687
2.1931417
2.0943346
2.228016
2.2537527
2.1732414
2.0853963
2.179488
2.150558
2.1924982
2.3577065
1.9967772
2.2307274
2.001141
2.088004
2.0166135
2.0009944
2.1522617
2.2784975
2.0499146
2.05879
1.9772122
2.190371
2.2331915
2.2146451
2.0569432
2.1082733
2.3057318
1.9353476
1.9890165
2.0455263
2.223881
1.9763701
2.2180927
2.199789
2.1316447
2.2729988
1.8902445
2.203669
2.1017785
2.1345582
2.0342803
2.030015
2.0440395
2.1101472
2.1919723
2.0201898
2.0699255
1.9620271
1.8663386
2.3058324
1.9765005
1.8544316
2.1652
2.0356822
2.1329782
2.0531
2.0424616
1.7733085
1.9307804
1.9188405
1.9593166
2.0951104
1.868463
2.0828366
1.798729
1.7160316
2.2018611
1.9173269
1.8695757
1.8390417
2.0318985
1.9361489
1.798528
1.7353461
1.7739315
1.9946556
2.0456674
1.852969
1.9447827
2.0295684
1.87115
1.8837802
1.7310113
2.0475993
1.9004133
1.9377115
1.9741074
1.9375879
2.0046065
1.8136811
1.9367251
1.8629872
1.8160648
1.7394356
1.8182048
1.9532416
2.2019506
1.7499766
1.884349
1.8221645
2.0489514
1.9448657
1.8131367
1.9195737
1.8390615
1.8180568
1.733931
1.8421922
1.6983722
1.9679614
1.8722597
1.6927664
1.7611085
1.7631104
1.8728783
1.8424861
1.6550622
1.9800987
1.751655
1.8113868
1.821303
1.7995937
1.7399383
1.6001935
1.8908505
1.8432934
1.8190657
1.851891
1.7488661
1.6006787
1.8085289
1.7600974
1.7908231
1.6439941
1.9044654
1.8035488
1.8542179
1.7762287
1.7750285
1.8151828
1.698689
1.6409173
1.5779579
1.6181611
1.6927907
1.5219965
1.7145358
1.6159174
1.7419697
1.6561147
1.8327057
1.4524064
1.6950852
1.6734393
1.6032286
1.840458
1.7953614
1.5296236
1.4131085
1.778936
1.7151995
1.6597123
1.6091573
1.5848813
1.8999228
1.6241125
1.6724215
1.8695341
1.7624474
1.6449413
1.7910213
1.7151258
1.5759406
1.6847653
1.5153985
1.6187897
1.6645494
1.732239
1.7362542
1.6286724
1.748478
1.7795928
1.7996757
1.7465757
1.5496073
1.7327374
1.5992368
1.8018624
1.7089131
1.675656
1.9197958
1.6178694
1.6543034
1.6163864
1.7855487
1.6800056
1.7562089
1.5885148
1.6828327
1.5628015
1.5800762
1.815492
1.4748602
1.5224407
1.6307101
1.8085624
1.7322558
1.6315229
1.741399
1.5096531
1.661695
1.6990736
1.6495721
1.6589601
1.8156736
1.4706665
1.5700122
1.641149
1.5137409
1.7001975
1.5493456
1.5632691
1.6547339
1.7417624
1.5975406
1.648505
1.3504792
1.5541028
1.501993
1.506169
1.5492232
1.5346031
1.587904
1.4337846
1.5423961
1.5973039
1.7358011
1.7534685
1.6744037
1.6360612
1.70321
1.7081788
1.7369932
1.6778526
1.6619751
1.6010991
1.6477942
1.7766855
1.5205861
1.5173466
1.456286
1.609859
1.5560594
1.4626863
1.4724587
1.5870637
1.4539267
1.3488193
1.5570371
1.5958031
1.6644641
1.5061288
1.5078391
1.5616714
1.396364
1.3797634
1.5313689
1.5094815
1.4349306
1.6598277
1.481246
1.4383752
1.401842
1.3149302
1.6097746
1.5629518
1.5312788
1.5399703
1.6467817
1.2601811
1.3030779
1.6816589
1.4977334
1.6437211
1.5756687
1.567456
1.6611999
1.4480668
1.5509961
1.5013859
1.4089137
1.452631
1.5057893
1.3866296
1.5236382
1.5427034
1.3253063
1.3697271
1.5837655
1.5908185
1.4004779
1.1671529
1.571712
1.5960512
1.355139
1.4610854
1.5942574
1.474992
1.6268508
1.4575222
1.4821315
1.6369417
1.6660297
1.5897403
1.3495253
1.5632542
1.6045631
1.4221284
1.4302506
1.7204274
1.6619524
1.3899364
1.4306533
1.7018044
1.5358007
1.4817431
1.5331148
1.3864675
1.4427195
1.49124
1.4898963
1.5233825
1.4276628
1.3889571
1.5795647
1.4411974
1.473441
1.5546379
1.4353436
1.556545
1.3935242
1.5499737
1.6495671
1.56655
1.5374343
1.5050027
1.5871468
1.4453361
1.4916904
1.660486
1.6747051
1.4956617
1.5311993
1.2241547
1.4335479
1.4714136
1.7186558
1.5223681
1.583859
1.5260786
1.5832556
1.4718226
1.5036124
1.4369829
1.3654199
1.6713674
1.4055142
1.26161
1.6249267
1.356241
1.4729412
1.4097499
1.26702
1.4598358
1.4591987
1.3857343
1.5993149
1.3923099
1.3506829
1.6216049
1.4056616
1.4379493
1.4789057
1.6740706
1.4277456
1.4371228
1.5870632
1.3562841
1.4125195
1.3567264
1.3074529
1.5874989
1.4710692
1.3727789
1.4222828
1.3135487
1.3679479
1.3338809
1.3226933
1.4063501
1.362659
1.3507159
1.2755315
1.5936621
1.5524495
1.3574573
1.3426071
1.4529043
1.500222
1.4207022
1.297773
1.5368218
1.5843807
1.312943
1.4658567
1.6334934
1.3403568
1.426074
1.1650311
1.7263548
1.3161402
1.5447407
1.1874673
1.4028815
1.3240727
1.4339764
1.2707169
1.3835757
1.5054725
1.4653676
1.4168472
1.3624221
1.4655988
1.4945104
1.4926459
1.5605018
1.5221848
1.3260956
1.7408962
1.3898572
1.340301
1.303614
1.4236966
1.4657533
1.5284486
1.2847402
1.4827809
1.3757926
1.3852773
1.3158827
1.4943093
1.4983294
1.3820217
1.2560043
1.381244
1.2650104
1.493538
1.527017
1.4110277
1.2883817
1.1708027
1.3635384
1.3365096
1.4903406
1.172196
1.4719262
1.2422812
1.3497518
1.2793136
1.4166018
1.4449809
1.274625
1.2635367
1.3760016
1.2326436
1.2260559
1.3052062
1.457002
1.3133566
1.14714
1.2750964
1.3224564
1.3142704
1.4922262
1.4048817
1.3321007
1.2688603
1.6145182
1.1170945
1.3413441
1.5110109
1.2881768
1.2124945
1.2539722
1.1792284
1.4577203
1.3037709
1.24332
1.2663217
1.3147607
1.4680074
1.3691225
1.274472
1.3572904
1.3917081
1.3579059
1.3545575
1.3618133
1.2969134
1.2218859
1.4554398
1.4395354
1.1584902
1.3153243
1.2952547
1.4742603
1.1308589
1.3378527
1.194621
1.3664563
1.1595784
1.3477435
1.1662973
1.2837417
1.5081036
1.2234643
1.4616103
1.2917554
1.2631977
1.2420231
1.2710212
1.4265084
1.2637738
1.2282196
1.3942518
1.5474343
1.3174897
1.3910289
1.3380171
1.276081
1.4138591
1.3617551
1.4237314
1.2070291
1.2891722
1.2798941
1.4208477
1.4055481
1.4636848
1.4065061
1.2380391
1.2230651
1.4536338
1.28648
1.1030333
1.2610759
1.3319464
1.3394767
1.2535408
1.5721586
1.2101984
1.2374009
1.3207768
1.2750152
1.4413136
1.304974
1.2612879
1.5667789
1.4081082
1.3083774
1.1596344
1.4887257
1.2789283
1.1156073
1.5483642
1.4984508
1.157598
1.2379615
1.3388435
1.2969894
1.1974648
1.1369253
1.337
1.6213353
1.4813812
1.1467278
1.3582828
1.297317
1.3359765
1.2918084
1.5455375
1.5373197
1.5479808
1.2792451
1.3723867
1.0747434
1.5056987
1.3402455
1.5038978
1.2283494
1.2875853
1.2917569
1.2156448
1.5519811
1.2434223
1.402476
1.1470523
1.1772848
1.5891967
1.2108711
1.3276598
1.2515332
1.1444695
1.3367647
1.1443734
1.308203
1.3125473
1.3759457
1.441191
1.405509
1.2982748
1.3647435
1.3661766
1.1286526
1.2809125
1.3759072
1.295212
1.1754776
1.2596476
1.4073652
1.4398063
1.4268775
1.3652427
1.0671761
1.2727171
1.2782309
1.1430343
1.2277793
1.2895935
1.2593839
1.0763506
1.418761
1.3803071
1.4208105
1.2796462
1.3188509
1.2219732
1.2833505
1.3100725
1.1046914
1.2529414
1.4569664
1.3469553
1.3017358
1.1612854
1.1023394
1.5450478
1.239732
1.1900027
1.248061
1.2755978
1.2028121
1.191078
1.2864828
1.2653621
1.2810802
1.1595548
1.3924346
1.05109
1.33685
1.307667
1.3133423
1.3096151
1.4553158
1.311855
1.2666526
1.2518442
1.1064572
1.3970754
1.205628
1.2213621
1.2450044
1.3761067
1.4547831
1.3093925
1.2373452
1.3213391
1.1169934
1.2517428
1.1555605
1.2011645
1.3363712
1.1434016
1.0254024
1.3324631
1.3165998
1.2625718
1.0816596
1.3441081
1.1407269
1.1158533
0.9947155
1.5566893
0.9691242
1.1702917
1.3389418
1.196559
1.1204174
1.2831011
1.3440332
1.1701556
1.3419533
1.187794
1.0607486
1.1641386
1.190167
1.2244569
1.3106018
1.2303085
1.2105069
1.4096198
1.2757813
1.2357497
1.2648877
1.2253565
1.3519374
1.4243672
1.29653
1.3184574
1.3065512
1.4822743
1.3373871
1.4949961
1.5638189
1.3858894
1.3239808
1.5443069
1.4658136
1.3418162
1.4081018
1.6307822
1.4444835
1.6011472
1.6374624
1.4330852
1.4067328
1.4294363
1.4792252
1.2907543
1.5569546
1.5255573
1.5889753
1.4568975
1.4165114
1.3888977
1.41647
1.3646423
1.4005327
1.4223337
1.4007485
1.4443796
1.5009888
1.4088516
1.3941433
1.4287772
1.1697503
1.4085321
1.6038246
1.4541135
1.1453876
1.3264818
1.4256444
1.3673778
1.3878523
1.4749563
1.261621
1.3825296
1.374532
1.3879412
1.5526097
1.3686879
1.4388599
1.5131687
1.1931528
1.3852799
1.4034245
1.4160708
1.481049
0.9602642
1.1814511
1.3061173
1.1821563
1.4455047
1.41561
1.2031791
1.2423198
1.2109269
1.277665
1.3354702
1.4232333
1.4646599
1.2874657
1.2598143
1.3889949
1.3063228
1.2660085
1.1397853
1.1698548
1.3710866
1.364045
1.3136413
1.24372
1.3628709
1.2216994
1.1736355
1.2918577
1.4210552
1.2661781
1.1861411
1.4429646
1.1958013
1.529544
1.3034656
1.2332315
1.386857
1.452345
1.2007878
1.015214
1.3067962
1.3011118
1.2523704
1.2434081
1.4315679
1.3796781
1.2451979
1.3117309
1.3878877
1.2749511
1.3661573
1.1110604
1.1859144
1.357089
1.2934568
1.3663746
1.3216574
1.3805798
1.2128661
1.244133
1.237947
1.1767292
1.524093
1.1269772
1.3065326
1.4080999
1.4678564
1.0736492
1.309864
1.1392748
1.3737903
1.4078121
1.3817317
1.160038
1.2048519
1.2565646
1.2964476
1.3187648
1.0290565
1.1110218
1.3420815
1.1275151
1.0869505
1.2006714
1.2208272
1.1954596
1.4252467
0.9523531
1.0038902
1.3138742
1.3134166
1.2986672
1.1452799
1.2663927
1.1655768
1.1653094
1.3100721
1.317258
1.3547821
1.3063848
1.2699661
1.1272087
1.1667515
1.1070702
1.2600899
1.119214
1.4001915
1.3047285
1.4291399
1.4209341
1.3859195
1.1265754
1.3109765
1.2210128
1.3220148
1.1162432
1.4127198
1.1839588
1.2655296
1.2027286
1.1106286
1.2051786
1.2407583
1.5019255
1.170866
1.2128235
1.1906788
1.2422717
1.1083347
1.2659829
1.1751462
1.3293207
1.1561182
1.2608538
1.3463303
1.1545651
1.1886302
1.1919305
1.4845362
1.3005729
1.2187867
0.97059065
1.2217176
1.3555732
1.3314623
1.1628921
1.3301198
1.2480911
1.2184234
1.1398236
1.1739416
1.3680112
1.0864184
1.4109952
1.2747321
1.1650655
1.2809443
1.3617692
1.2388017
1.1741107
1.1946511
1.1123284
1.3110831
1.1312908
1.2528809
1.1429791
1.1303011
1.0452222
1.2307203
1.1256435
1.0344193
1.2452598
1.1544194
1.2419454
1.1693314
1.2557325
1.2752547
1.2221147
1.098769
1.1777729
1.1696712
1.2163872
1.2130103
1.0888561
1.3149363
1.3320467
1.0369992
1.3358254
1.1755886
1.2400292
1.3511713
1.2522391
1.1195102
1.1177331
1.1095598
1.3546996
1.1319181
1.0762696
1.2935281
1.1624836
1.1794696
1.276592
1.1326423
1.1189892
1.183098
1.1981293
1.2098467
1.2283912
1.2534988
1.1895897
1.0973189
1.0967269
1.2654556
1.200007
1.2064176
1.1630268
1.1470745
1.2036942
1.1604439
1.125957
1.227634
1.0210352
1.2920763
1.1496286
1.2949038
1.2847898
1.1717956
1.1170006
0.99390745
1.2175941
1.2460835
1.3525008
1.2579279
1.0418826
1.152904
1.2655087
1.1202307
1.0707015
1.3598955
1.0715249
1.2228622
1.1792474
1.0982206
1.0429298
1.3886266
1.2231693
1.2866602
1.3029733
1.157814
1.2501597
1.1763729
1.1380069
1.2636272
1.3952324
1.2360623
1.424614
1.1968943
1.1612351
1.2159063
1.0653372
1.0663991
1.2634172
1.3641986
1.1746943
1.2201269
0.9616741
1.0631275
1.1526291
1.1791686
1.077125
1.225884
1.0669395
1.2536182
1.1201766
1.2302332
1.1751564
1.1512511
1.1271126
1.0022101
1.1217365
1.3531344
1.1905347
1.2135065
1.0772244
0.87582254
1.0913519
0.88434374
1.256901
1.1353619
1.1205931
1.1498233
1.1773443
1.2106586
1.0663677
1.1398818
1.1258161
1.1297375
1.0640299
1.1116288
1.1443129
1.148923
1.133347
1.1513368
1.2594056
1.3130511
1.3021481
1.2283103
0.9901448
0.91341114
1.1497296
1.068069
1.1575414
1.0913999
1.0917504
0.9977576
1.1763887
1.0323381
1.12222
1.1029431
1.3601018
1.070293
1.1324013
1.1624532
1.0890131
1.1762648
0.9608457
1.1787951
0.96812713
1.3867716
1.1353892
1.0928507
1.0372049
0.9716441
0.9514686
1.0129166
1.0342047
0.98096186
0.880228
1.0148549
1.2245753
1.2555778
1.0631489
1.1305882
1.0847867
1.2964969
1.063338
1.2866837
1.1990595
1.1368093
1.1562293
1.2763225
1.0010065
0.8949802
1.0392504
1.5563514
1.065444
1.1271428
1.0499282
1.1344738
1.1808927
1.0472686
1.0189601
1.1975753
1.063104
1.1566393
1.1443398
1.0709838
1.093942
1.2190583
0.97977364
1.2897488
1.1702526
1.0887489
1.1761265
1.1665242
1.2066928
1.1973094
1.1651542
1.0780295
1.174196
1.2868049
1.0552937
1.140147
1.394109
1.2970862
1.2373374
0.9629909
1.1458669
1.0507731
0.96019727
1.141382
1.1736065
1.0069597
1.0953538
1.3763759
1.1256022
1.1525236
1.1633761
1.159991
1.0389184
1.0313673
1.037693
1.2138064
0.9469849
1.1877613
1.0596137
1.0587367
1.0931649
1.1751093
1.1160592
1.1575029
1.2140762
1.0578408
1.0837959
1.0010462
0.97413003
1.244587
1.1583917
1.1035986
1.2884631
1.0411272
1.1413486
0.8741323
1.0175409
1.0760086
1.0733821
0.96043074
1.0854154
1.3280563
1.1274213
1.1061215
1.3539681
0.9863115
1.0142888
1.0713542
0.9866388
1.1824219
1.185467
0.9497453
0.9891997
1.2164817
1.3018943
1.0485799
1.5071269
1.2815242
1.3493394
1.4331276
1.1076283
1.1818681
1.189209
1.0828984
1.2255486
1.3314799
1.2046275
1.2289591
1.0374411
0.91356575
1.1035421
1.1934428
1.0976493
1.2174478
1.1051222
1.1188767
1.1845782
1.1942015
1.2334553
1.180877
1.1234823
1.4025922
0.9922511
0.9753332
1.179099
1.2045567
1.0416496
1.2473147
1.1214983
1.2717385
1.0527521
1.0495807
1.0448068
1.1288512
1.1775756
1.1701264
1.3357831
1.199619
1.1178491
1.1439466
1.0592327
1.2162262
1.1962051
0.9838721
1.2122992
0.9965133
1.1890582
1.0024039
0.9393539
1.0539722
1.2875518
1.060776
1.0841548
1.1645132
1.0528986
1.0586792
1.1112695
1.0775962
1.0476873
1.0400823
1.2931259
1.1046469
1.1802889
0.96133935
1.268072
1.239318
0.88403803
1.0972239
1.2185816
1.052211
0.93951833
1.1228896
1.1269902
1.007153
1.0742615
1.1094365
1.3024323
1.0721939
1.0991933
1.0965248
1.0912489
0.96644574
1.0313125
1.231208
1.1672773
1.1015606
1.2090698
0.8753835
0.9742678
1.0897397
1.1867789
0.9660963
1.1140026
1.2471888
1.1253585
1.2122666
1.3418776
1.0633931
0.9566348
1.0132005
1.0962011
1.1040654
1.191933
1.099169
1.0782745
1.1808147
0.9975058
1.0642754
1.2220836
1.2672994
1.1033609
0.96242297
1.1734633
1.1042036
1.2319713
1.1665357
1.1109632
1.0410568
1.0787854
1.0848556
1.1253853
1.0412652
1.1951367
1.1715069
1.1481516
0.9985031
1.1387982
1.015116
1.01708
0.9243
1.2524779
1.1275625
1.2592316
1.1058949
1.1265078
0.9960654
1.047504
1.07774
1.0040835
0.9531949
0.97678083
1.1409509
1.1293529
0.94290686
1.1986625
1.119957
1.1029785
1.1087052
1.0953152
1.0822842
1.0631078
0.8917632
1.1998732
1.1750782
1.2952244
1.0709623
1.1454076
0.91429853
1.1327122
1.1188157
1.1013464
1.0976657
1.3110125
0.9900892
1.0819728
1.1326301
1.088027
0.8857137
1.1759151
1.1538098
0.93281245
0.9074756
1.0913044
1.0074955
1.017196
1.1875846
1.07363
1.0623547
1.2839882
1.2975562
1.2070711
1.0167787
1.2992328
1.10618
1.1107808
1.0098541
0.93066084
0.93991977
1.2417057
1.1190116
1.0382508
1.0840434
1.2840457
1.0001171
1.206013
1.0713638
1.0319403
1.0447936
1.3253094
1.1884922
0.92303836
0.9696408
0.9781768
1.2084899
0.9380938
1.0462375
1.2220416
0.9503255
1.1013198
1.0863738
1.2170167
1.1325338
0.9291094
1.1081625
1.003876
1.0891662
1.2128356
1.174274
1.3638638
1.0751843
1.0165226
1.1540124
0.9706371
1.1228354
1.0366771
1.2016017
0.91950583
1.1124904
1.1645716
1.1843332
1.0422825
1.0789084
0.91305184
0.9667747
0.93890965
1.0434837
1.272192
1.0141044
0.8577472
1.2239418
1.179898
1.1535587
1.0113666
0.9656983
1.027113
0.973561
0.90239495
1.0795382
0.9222396
1.1437932
1.1864377
1.012892
1.126299
1.069523
1.0370064
0.9659686
1.0959631
0.98898894
1.123413
1.0553267
1.029006
1.0357541
1.2735701
0.90413404
1.052572
1.1608794
0.97325224
1.2701023
1.00776
1.0959523
1.1178607
1.0849257
1.22137
1.0344642
0.937275
0.96040905
1.1015325
0.92815936
1.1122354
1.0506561
1.0506881
1.3333874
0.9162395
0.9940524
0.96307504
0.8588191
1.0022196
1.0192561
1.1302651
1.0720681
0.9920156
1.0286083
1.0580735
0.99300617
0.90550274
0.9443133
0.8570926
0.92413986
0.9028581
0.99723846
1.2184083
1.0051477
1.14685
1.0670916
0.94984084
1.2209277
1.0112536
1.2273272
0.8855067
1.0597265
0.8648493
0.9866084
0.9874442
1.0964105
0.89834416
0.97119
0.87380826
0.98856556
1.1564765
1.0354649
1.032504
1.056572
1.1235244
0.90580493
1.0507112
1.1430347
1.0731422
0.97517157
1.201837
0.93079317
0.9453167
1.1201527
0.9279109
1.1203481
1.0879205
0.87330496
0.83826303
1.0189205
1.0880444
0.7478481
1.0835699
1.0446228
0.9605833
0.99670196
0.8660919
1.0168715
1.0524652
1.0473579
1.0826077
1.1415684
1.13082
1.1308558
1.1219316
0.99092436
0.9574756
1.0887601
1.1920605
0.9372459
1.0319496
1.0565125
0.85628366
1.2281877
0.9889584
0.83876836
0.9193381
0.9961845
0.99508274
0.98813087
0.9095732
1.0801042
1.0684359
1.0166447
1.3869462
0.92362064
1.1629385
0.9375067
0.8878966
1.1128153
0.925449
1.059448
1.0879645
1.1498437
1.0548137
0.97315264
0.9720555
1.1141382
0.8890805
1.023788
1.0020206
0.9770411
1.0975138
1.05789
1.0830634
0.97728527
1.026718
0.96906525
1.0306364
1.1439629
1.1132023
0.9822308
1.0559751
1.1790718
0.92300266
1.0039781
1.0629369
0.8523926
1.0291843
1.0809767
1.0408089
1.0943234
1.1804167
1.2032251
0.97868407
1.1041939
1.0710334
0.98913795
1.2491974
0.96789134
1.2731967
0.99405175
1.2017976
1.1565106
1.1265478
1.0889002
1.2272146
1.026222
1.1663616
0.8994942
0.9963356
1.0415381
1.1340183
1.074769
1.1395142
1.0142953
1.0319165
0.9396554
1.0643667
1.0434885
1.0262799
1.005429
1.0953116
1.1688055
0.94288385
0.9758141
1.2449334
0.9798525
0.9703566
1.0380526
1.3149949
1.166073
1.3756458
1.177564
0.90495193
1.1725806
1.2241172
1.1500293
0.97620517
1.0991334
1.2609491
1.069628
1.1816125
1.0040267
1.1684654
1.2139556
1.0054704
1.0809305
0.9703769
1.1440793
1.0210075
1.1040006
1.1275331
1.0584657
1.0364306
1.0665617
1.072138
0.9949187
0.9326635
1.0040662
1.1390271
1.0575118
0.8932403
1.2920702
1.2009702
0.98722976
0.859089
1.104949
0.9120394
1.0355633
1.0327332
1.0498182
0.90648425
0.99514544
0.92287546
1.1146029
1.030301
1.1031579
0.9472926
0.8739079
0.993298
1.0062993
1.1631415
0.9248992
0.92110866
1.1066508
0.9250599
0.9950228
1.0376015
1.046493
1.0895364
1.0921965
1.0741808
0.96976364
1.0150816
1.1825607
0.9831722
1.0017917
0.9418632
1.020838
1.0144001
0.8352088
0.95235735
0.97342217
1.1218046
1.005126
1.174472
0.9485476
1.0409297
1.0521338
1.1938142
1.1524549
0.9259499
1.039319
1.1140212
0.8539697
0.83499813
1.100338
1.0784528
0.9421277
1.2111865
1.0376679
1.0632498
0.9679051
1.1526744
0.8554983
1.2189373
0.95590985
1.0469084
1.0542755
0.8940264
1.0082638
1.3755794
1.0197409
0.9818449
1.0580035
1.2087517
1.012298
1.0298268
0.95114416
1.1225331
0.8496201
0.95136905
1.0272253
1.080509
0.92859554
1.1914406
0.9082846
0.948054
1.0684876
1.021646
1.0354638
1.0203886
1.0029131
0.8836437
1.0118855
1.1001848
1.1487904
0.96209985
0.9578975
0.80263156
0.99447
1.0262938
1.1360028
0.83966744
1.0481303
0.8861588
0.95075345
0.8150519
0.868095
1.1842339
0.92012966
1.0250735
0.95371133
0.85017
1.0125706
0.7994913
0.9690755
1.157921
1.037113
0.8712392
1.0423255
0.9293461
0.7812814
1.0877569
1.0343244
0.8734741
1.0770131
1.0784197
0.9751801
1.0533142
1.0216583
1.0535843
1.1165928
0.92325693
1.0845724
0.8757127
1.0016545
0.9615046
1.0595671
0.97026396
1.1047318
0.9906572
1.1622169
0.8895694
1.0230744
0.88799286
1.0230992
0.9633956
1.1002672
0.97930276
1.0369298
0.9890551
0.913733
0.98282766
0.9973378
0.78054404
1.093332
1.1254566
1.0180323
1.2521902
1.0179082
1.0469372
1.0466169
0.9412959
0.91659087
1.0010562
1.1249304
1.1728774
0.90485704
1.0278988
0.9771306
0.93005
1.0384891
0.9132751
1.0357485
0.9468607
1.233863
0.9856695
0.8664583
1.0660453
1.0306997
0.94169176
1.02724
1.0370953
0.9852558
1.0949137
1.0204897
1.0229312
0.96609485
1.1519413
1.0457013
0.7631199
1.0196471
1.0538951
0.8795387
0.96568114
1.1906587
1.1126173
1.4129177
1.1986974
1.0324214
0.90722287
0.98847127
0.9662037
1.0147531
1.0236058
0.889907
1.0325773
1.1192394
0.85674816
0.9877137
1.0754962
1.0028231
1.0748532
1.0159999
1.2018491
0.8881572
1.112573
0.92096543
0.94175684
0.9185567
0.834102
1.1109205
1.0214841
1.0277638
0.84015006
0.9618257
0.8308729
1.0259418
0.9456025
0.74928975
1.0448365
1.0225985
0.9906152
0.9527665
1.2054509
1.1538334
1.1581923
0.9326101
0.95273614
1.1160884
1.0839474
1.0687726
1.1017122
0.91002333
0.9945664
0.9946463
0.9240741
1.0086855
0.86573863
0.9409294
1.0696409
0.984537
0.8446208
1.1638436
0.90796655
0.91282356
0.958732
0.9712641
0.974607
1.1347942
1.0888252
0.94022214
0.8633509
0.92386687
0.8553455
0.9457971
0.77800035
1.2592981
0.90454483
0.85069805
1.0599564
0.9607005
1.0466443
0.6936595
1.0029938
1.0324633
1.1355455
1.0518641
0.9415045
0.9254189
1.0829501
1.1283702
0.8865634
0.9020058
0.97102857
1.1168312
0.8251207
1.0560887
0.86194766
1.0169691
1.015795
0.966147
0.9430229
0.88014936
0.9496918
0.90449226
0.8996155
0.9883503
0.9414993
0.754261
0.8718788
0.7398527
0.97488624
1.0210316
0.9411265
1.1222374
0.92419374
0.9232666
1.0898888
0.85342294
0.9772043
0.9148897
1.0254917
0.9732628
0.8844199
1.0819192
0.8998171
0.88278335
0.8326002
0.78075886
0.9157335
1.038994
0.9609133
0.9300802
0.8571322
1.0279651
0.893047
0.9963649
0.96151066
1.0028422
0.7740218
0.93945265
0.9449005
0.7815398
1.005558
1.0362583
0.8851367
0.84434366
1.086459
0.8892936
1.0230585
0.98428124
1.0600156
0.9270994
0.9665193
0.9195665
0.8596219
0.9208973
0.8498479
1.035833
0.8716896
1.1521238
1.0098784
1.0004264
0.95958465
0.9698287
1.152709
0.98505455
0.9931822
1.1805812
0.9554732
1.0759299
1.1419624
1.0096841
1.1249611
1.1088959
0.872266
1.030714
1.0732946
0.98455083
1.2342064
0.9541567
0.93566656
1.1321859
1.1280427
0.9425292
1.2345991
1.2949042
1.1664459
1.0256345
1.044868
1.0604182
0.9495918
1.1097021
1.0173577
0.9216536
1.0118918
0.8570388
0.99381393
1.1322942
0.8222894
1.0110741
0.91770846
1.1877846
1.104397
1.0906687
0.9516395
1.1057407
0.9167257
0.8611851
0.964983
0.9002792
1.1125615
1.0525613
0.9575951
1.1131668
0.8922651
0.95178765
0.9010925
1.0145679
1.0474164
1.0907855
0.999613
0.97577333
0.9059436
1.0591002
1.054387
1.0511745
1.0525838
1.0217583
1.1870558
1.347963
1.0924987
1.1979983
0.9362554
1.1436827
1.083645
0.83389765
0.9446021
1.061336
1.1693753
0.958532
1.1360599
1.1471605
1.1036988
0.84557
1.2097833
0.9083823
1.0944018
1.0497668
0.93419206
0.8180309
0.9950219
1.0217665
0.99780166
1.1365519
0.972461
0.93815887
0.79405695
1.0212078
0.8799087
1.0468926
1.0039465
0.98527026
1.0901622
1.1317058
0.85251707
0.8528738
0.8188242
1.1591457
1.0910206
0.94476557
0.8893497
0.9201286
0.93094325
1.0700653
0.7492271
0.98949355
1.0041194
0.98103225
0.7884423
1.0864356
0.920918
0.9820429
1.049375
0.8358126
0.9270152
0.8887439
0.91141975
0.95617956
0.9958116
0.8701068
1.207953
1.0386107
0.8981502
1.0366691
1.0356563
0.92833024
0.9915159
0.9950614
0.85233784
0.8742457
1.0234873
0.92292833
0.9705081
0.99127924
1.0465224
0.94516677
1.0192844
0.927847
0.90217364
1.054625
0.9474785
1.0106908
0.7689005
1.1616299
0.99399245
0.96710694
0.8889349
1.0241351
1.0396035
1.0248561
0.8411585
0.86661726
0.75570565
0.91037786
0.83849007
1.0315589
1.0817258
0.952318
0.89784527
1.1431568
1.1760246
1.0148401
0.82397395
0.97406274
0.9925416
0.85655177
0.98088676
0.9232848
0.9472851
0.98352844
1.0388083
0.9228351
0.8673515
0.7730374
0.98732543
0.96321464
1.0696727
1.0489922
0.9096632
0.970715
0.92093116
0.9756215
0.85648924
0.9193178
0.78067994
0.9510831
1.1202936
0.7779197
1.0082779
0.99817765
1.0919389
1.1395077
0.8402213
0.9128045
0.8861656
0.9226292
0.96734995
1.0423349
0.98116076
1.0449483
1.001796
0.969532
1.0496166
0.78624415
0.93449986
0.9406846
0.92304194
0.9293438
1.086264
1.2142422
1.0426687
0.8525436
0.86867166
0.7888301
0.82248795
1.0602632
0.96064705
0.8277233
0.9031497
1.0469285
0.8338645
0.99159753
0.90324867
0.9410188
0.9606209
0.8659027
0.97619885
1.0413678
1.0817146
1.0072563
1.1036944
0.8776198
1.1644212
0.9558103
0.97940075
0.846156
1.0430639
0.83142656
0.7648108
1.0943418
1.0280998
0.87223315
0.971411
0.8082571
0.74595875
0.85570204
0.7663548
0.8391868
0.9296833
1.0397307
1.0597506
0.7488845
0.8381382
0.7666099
1.0324365
0.9106578
0.8098992
0.84258056
0.829171
0.9134688
0.80971766
0.92799103
0.9202474
0.82732654
0.80569226
0.8707469
1.0505859
1.0418246
0.9654002
0.86040765
1.1772203
0.7696177
1.0182588
0.950489
0.996425
1.0206997
0.715717
0.7264066
1.0130873
0.8827756
0.87565434
0.8582319
1.0891172
0.759321
0.9419302
0.94543964
0.8543253
0.876644
0.81484765
0.88842463
0.7849416
0.8832096
1.0842316
0.9790405
1.0565894
0.75223863
0.8393048
1.1237358
1.1039791
0.8627486
1.1903161
1.0270933
1.0711263
0.93989784
0.85713214
0.88290685
0.91534853
1.0220011
0.8747362
0.92254305
0.7643844
0.8746849
0.8500866
0.9446285
0.9909107
1.133837
0.9845203
0.9617238
0.7723635
0.98175335
0.84796727
0.8942881
0.91206133
0.9560291
1.0078793
0.93826365
0.84344983
0.9130182
1.2470578
0.9424777
1.0299559
1.053353
1.2555225
0.92127883
1.1430156
1.1478611
1.0407033
1.1207792
1.0399288
0.9734193
1.263466
1.3155235
1.3225486
1.0976152
1.0430931
0.94056827
1.1607617
1.1555356
1.1145542
1.177857
1.0236506
1.1942434
1.390369
1.179771
1.0350573
1.1400611
1.1900659
1.2390579
0.87213194
1.334035
1.1749722
1.0478433
1.062225
1.1318085
1.3174281
0.95103496
0.9275582
1.1811711
1.1694392
1.1309617
1.0441172
1.0123358
1.0602517
1.1312829
0.8106461
0.9079958
1.0104042
1.1119499
1.2274824
1.0545077
1.2491537
1.1063321
1.0336212
1.1237563
0.8741394
0.94020873
1.2019563
1.0499097
1.0894762
1.1240056
0.9933941
1.0237472
1.0838083
0.93858564
1.0325801
1.1396211
0.94097435
0.9631556
1.0380666
0.9761178
0.7864754
1.2064388
1.0454612
1.0042574
1.0236408
1.086442
1.072257
0.86565965
0.95765203
0.9685502
1.0332588
0.99570805
0.9880472
1.244446
1.135564
1.0258436
0.8940767
0.89391994
0.9735378
0.9246594
1.0335422
0.9530005
0.98258317
0.9490928
0.8389247
0.8733699
1.0888448
0.9844506
0.9873926
1.0625159
0.9037166
0.80380774
0.8393707
0.97362715
1.0453428
0.9704443
0.9360584
0.7819806
1.0202036
1.0029995
0.8206788
0.8919484
0.7945246
1.0090833
0.78036815
1.000131
0.87717146
1.0903459
1.0091577
0.9778228
1.0269864
1.0754471
0.91669714
0.8905279
0.868907
0.8310253
0.9606514
1.0725802
0.8862299
0.9253488
0.6989831
0.87005603
1.0829352
0.99556184
0.9622066
0.7266758
1.0836437
0.9047218
0.9730134
0.86757797
1.1239309
0.96417975
1.0421252
0.8435976
0.93959665
0.99897814
1.1993494
0.879226
0.7791819
0.7493722
0.79503953
1.1430254
0.98503995
0.7830218
0.9532269
1.0466343
0.8806826
0.8141011
0.8066519
0.7734022
0.91689605
0.8915006
1.0437654
1.0194511
1.0674167
1.1715724
0.9176598
0.87381625
0.83224297
0.91932434
0.8880512
0.9922228
0.9889278
0.9524031
0.8565234
0.95065373
0.9428445
0.9447558
0.7897895
0.97895116
0.9979374
0.79242384
0.8327214
0.82242996
0.9158485
0.8295157
0.9713159
0.9520787
0.90962976
0.8357074
0.9522579
0.8382747
0.7772208
0.9852239
0.6943615
0.8755464
1.1166055
0.8440081
0.7748258
0.94957674
1.0122507
1.1086819
0.82698494
0.95404136
0.7614337
0.99072444
0.9541347
0.8947599
0.9719132
0.95156896
1.0187318
0.9042992
1.053151
1.1321168
0.68699694
0.94871145
0.9931432
0.87725824
0.91627455
0.9480481
1.0669038
0.7575913
0.97797084
1.071976
0.90261614
1.0535725
0.83155495
1.0197086
0.8841605
1.0546771
0.89309454
1.0197642
0.9187168
0.93929666
1.1431639
0.65911084
1.1031538
0.8086967
0.8823543
1.0337489
0.8737408
0.93902016
0.9422824
0.93824434
0.9504809
0.9437805
0.9802875
0.87402534
0.93875265
0.92367274
0.9263292
0.9682183
1.0110732
0.89091444
0.83941257
0.88236576
0.86062104
0.8260931
0.756309
1.0095035
0.708539
0.9228473
0.82427955
0.9722577
0.74681926
0.8282628
0.9476535
0.81579244
0.93111485
0.8666239
0.8607789
1.0571164
0.90969473
0.6809218
0.9107648
0.9486296
1.1000708
0.9386965
0.854385
0.73247755
0.9953156
0.80213904
0.8318441
0.93500876
0.89053535
1.0038455
0.7623745
0.8190671
0.9211409
0.85388535
1.1038301
1.0167146
1.0135009
0.7109492
0.80268013
0.73352176
0.94811463
0.71542597
0.7256316
0.8090861
1.0770723
0.6273469
1.0803365
0.8556621
0.9518885
1.0000789
0.94730717
1.1524719
0.8081807
1.0423347
0.7590881
0.91221726
0.7365296
0.8881319
0.9465627
0.8671397
0.62123036
0.84111744
0.9580694
0.73330724
0.96349823
1.1116433
0.6781137
0.8899795
0.8892622
0.93738425
0.9704313
1.1439445
0.8760606
0.97431165
0.8218418
0.79104316
1.0501851
1.0403771
0.9490038
0.98804414
1.0482858
0.99752945
0.8147007
0.890598
0.9311266
0.80230343
1.0051965
0.9477277
0.8799161
0.91772515
0.89458215
1.1738604
0.8279378
0.9395263
0.7806687
0.84808725
0.8340454
0.8391321
0.94520605
1.0196631
0.8208012
0.94289064
1.0217448
0.7500648
0.871526
1.1003324
1.0011075
1.0588089
0.8294511
0.8776612
1.0259986
1.1032517
1.0395206
0.93878514
0.62586343
0.89286053
1.0287409
0.9473016
1.0240216
0.72330964
0.9380738
0.8551922
0.8736189
0.84833634
0.9873414
0.95604795
0.99317354
0.8713217
0.6598946
0.90075845
0.97358394
1.0105529
0.9025694
0.9598834
1.1438147
0.8241812
0.88195854
0.7589372
0.70979834
0.94777554
0.87783456
0.9373096
0.84223473
0.8845136
0.8274037
0.8570729
0.9795993
0.9697523
0.96984375
1.008764
0.9276204
1.2265508
1.1132504
1.0893703
1.2723923
1.1935359
1.3481983
1.113014
1.0132585
1.2881471
1.2240996
1.1952711
1.3333209
1.28714
1.0454233
1.0500704
1.2559805
1.389368
1.2365535
1.2262079
1.2946774
1.5456452
1.1684552
1.0046424
1.4093353
1.156375
1.3183851
1.1812577
1.0804989
1.3448915
1.2764374
1.3212931
1.0424333
1.1046269
1.3035519
1.0928209
1.1259058
1.1825882
1.0832269
1.0711982
1.2011011
1.1610775
1.2025727
0.98424894
0.9892366
1.0641713
1.2336544
1.1659548
1.0004935
1.217826
1.3392622
1.0925736
1.0303541
1.1929498
1.0677701
1.1385657
0.8760938
1.1218817
1.0955166
1.0476873
1.2670782
1.0713965
1.0272931
0.8992946
0.9565303
1.0692164
0.8352028
0.9083153
1.0936273
1.016622
1.082253
1.2435795
0.9408636
0.9121997
0.9034554
0.8870092
0.88372415
0.8739641
1.0778197
1.1548954
1.2921951
0.9959924
1.1240318
1.0792943
1.1703837
1.2139828
1.0087242
0.93998814
0.8909551
0.96805567
1.3346831
1.2767249
1.1250167
1.1596918
1.1611917
1.074857
1.0917287
1.0451043
1.3464375
0.98701906
1.1731166
1.133201
1.1153455
1.0086131
1.1914346
0.8162098
1.1086833
1.0471969
1.1873734
1.1272001
1.1625738
1.092408
0.9246059
0.9897792
1.0273244
0.9083192
1.0888996
1.1329486
1.121629
1.0729585
1.191029
1.0094335
1.281624
1.0494506
1.1135144
0.91264415
0.90031976
0.9096351
1.325149
1.0127047
1.0056329
1.1822724
0.79453707
1.0149428
0.8576056
0.92972237
0.8804392
1.0935845
1.0094644
1.0421433
0.9930569
0.9679915
0.9272679
1.0106394
1.0751481
1.1664282
0.7998845
1.1283303
1.0211174
0.94771665
0.9266094
0.95780104
1.0695791
0.8851928
0.8330905
1.0933359
0.93135405
0.8926986
1.0859213
1.195333
0.98078734
1.0709186
0.919783
0.91928315
1.0287291
0.8618308
1.0381281
0.9316238
1.007311
0.89230615
1.0456119
1.0954834
0.97637606
0.9840551
0.81772935
0.9308685
0.890164
1.104469
0.95268846
0.90779424
1.1867523
0.8459822
0.93180144
0.8554647
1.1198326
0.7600908
1.0198123
0.95815486
0.77708405
1.1493049
1.001327
0.938877
1.1177683
0.9768647
1.0113727
0.8107159
0.9037198
0.7723416
0.8726862
0.8556448
1.1123168
0.8283871
0.79999197
0.8852177
0.8673496
0.7619232
0.90702516
0.8319
0.8915533
0.97438574
1.0187402
0.99711984
0.96277326
0.9507281
0.94284546
0.767131
0.84654784
0.870946
1.0403147
0.95793414
1.1067446
1.0352871
0.7917384
0.8696465
0.8958047
0.68568325
0.9198139
0.9927527
0.83546305
1.0478497
0.7527623
0.9873433
1.0224121
0.93465924
1.0133514
0.8147594
0.9038507
0.8990578
0.9900583
0.90204406
1.052522
1.0566307
1.052089
1.0156628
0.71906096
0.89005727
0.88296103
0.8953922
0.91886896
0.7733474
0.8520464
0.6382282
0.822653
0.8816167
1.0038633
0.81560904
0.91136765
0.90004534
0.91104454
0.7983286
0.84272355
0.9053019
0.87224054
0.836315
0.8785441
0.7959281
0.8820404
1.093065
0.98762727
0.92352116
1.041097
1.0153604
0.9243753
0.6998004
0.9850961
1.0072917
0.8975254
0.8655025
0.87237847
0.85047597
0.8901052
1.1051302
0.9548853
1.0153357
0.9414098
1.0184553
0.9644793
0.7797704
0.8148505
1.1026516
1.0714009
0.9753644
1.1633426
1.1779897
1.0319905
1.1233511
1.0145195
0.8253726
0.96780914
1.1825083
1.171248
0.9358412
1.1263101
0.8459755
0.8791627
0.76310956
0.7487575
0.9663024
0.8979681
1.0365844
1.045507
0.97711223
1.2488031
0.90139157
0.908335
0.9920809
0.9650233
1.1337926
0.72109675
1.0100943
0.96439505
0.9117535
1.1289237
1.0584753
0.8424044
0.8450864
0.860209
0.87124234
0.72336864
0.99104536
1.0093033
0.85106003
0.89149195
0.76367533
0.95006245
0.8032074
0.9179348
0.75315
0.8120909
0.9599763
0.8813497
0.845119
0.8887428
0.9033989
1.0026087
0.9680264
0.8205451
0.88126343
0.9190066
0.9731865
0.9517247
0.9449029
1.0051105
0.6218373
0.9486469
0.88726866
1.0269997
0.856819
0.9302572
0.90943074
0.8868353
0.74159503
0.8956187
0.87984514
0.73659575
0.88329554
0.8624158
0.98553866
0.78184813
0.86201644
1.0820744
0.92892706
0.89495856
0.9815214
0.9208431
0.798319
0.8919283
0.9451371
0.98489374
0.9053321
0.9875459
0.7217469
0.67613447
0.9602605
0.8859685
1.0844251
0.824998
0.83542824
0.89671624
0.77324104
0.8086798
0.81776273
0.80372655
0.80332196
0.9269059
0.8352259
0.872278
1.0242819
0.7028527
0.89009213
1.1490383
0.81814957
0.7968955
0.7354963
0.8746486
0.70908713
1.1083264
0.91563416
0.7715305
0.9572823
0.72574544
0.7572925
0.96814644
0.7385315
0.75980616
1.0574648
0.8421495
0.8373044
0.84024155
0.90735584
0.92376804
0.8970566
0.896538
0.8896602
0.8609869
0.8491484
1.0027177
0.8260182
0.76092875
0.98994696
0.82033485
0.90073633
0.99682397
0.96428233
0.94770575
1.0619056
0.9826169
0.765384
0.8079486
0.7460302
0.80244756
0.92126954
0.7112458
0.89981055
1.0169127
0.83302915
0.6758231
0.7184849
0.9827834
0.8549925
0.77121687
0.8546369
0.82137805
0.9518178
0.95802057
0.8324632
0.8021395
0.7251769
0.79099154
0.80118775
0.6342326
0.8444992
0.6445625
0.78616023
0.8373498
0.83536804
0.76953113
0.9130435
0.85036266
0.72902715
0.967695
0.78491867
0.9156792
0.94159317
0.8610224
0.82542276
0.91270113
0.61391383
0.859635
0.802555
0.79990095
0.8798634
0.9346943
0.94890773
0.7519158
0.78778774
0.8998157
0.8908204
0.8985059
0.7615564
0.8621202
0.79624146
0.94912034
0.89886975
0.81134886
0.88751626
0.65898216
0.67282015
0.6560988
0.9093964
1.0547727
0.92390347
0.9409932
0.82915986
0.81720906
0.9341641
0.90177345
0.87895614
0.7515153
0.90802497
0.88337344
0.86624527
0.91786563
0.8340248
0.9059354
0.93067235
0.9259877
0.8716726
0.917031
0.985198
0.82397974
0.80641216
1.0679101
0.9004539
0.8579015
0.87454015
0.83694786
0.8371113
0.9114298
0.8230622
0.9238254
1.0186688
1.0328907
0.9496887
0.81426597
0.96450925
0.8948776
1.1082683
0.76877224
0.91618
0.9319368
0.7405276
0.88069856
0.9402904
0.92261493
0.9579485
0.8578325
0.95267147
0.9344381
0.9493753
0.8604308
0.9086961
0.9947264
0.71553576
0.7273234
0.8876338
0.8804378
0.76907146
0.83351207
1.0009508
0.6659369
0.900084
0.7721882
0.74297
0.75976634
0.8900002
0.8495333
0.8832717
0.7661823
1.1213937
1.0331359
0.77730846
0.58643997
0.88882667
0.8172341
0.7853138
0.8087191
0.7766887
1.0073099
0.8742477
1.1004604
1.0292888
0.80303633
0.9177389
0.7148497
0.7373998
0.7670021
0.90995467
0.78363776
0.9514036
0.92085814
0.93859905
0.7585842
0.9972832
0.93138564
0.79086715
0.7246889
0.8512703
0.8328409
0.9332531
0.994092
0.8114974
0.99023545
0.99199086
0.8301831
0.83900106
0.7192335
0.8345129
0.88691473
0.690361
0.94948447
0.9119537
0.9055253
0.9580654
0.8604572
1.011761
0.77319014
0.8722576
0.8429617
0.7999738
0.70968497
0.8813076
1.0048583
0.70230997
0.86562914
0.9130044
0.9743372
0.7147355
0.5521896
0.8339944
0.77194315
0.7695131
1.0084515
1.0002928
0.83823645
0.6304987
0.7312265
0.9199559
0.9312476
0.8852289
0.8779032
0.87892467
0.7829208
0.7500349
0.98080134
0.73392963
0.74620485
0.8206497
0.84955984
0.8144761
1.0168359
0.83395696
0.92810047
0.962956
0.77070254
0.97176945
0.896654
0.8183665
1.0165728
0.88267314
1.0021726
0.79713476
0.7073709
0.7851167
0.6778675
0.8193058
0.70484865
0.7810968
0.95666057
0.96097875
0.76840997
0.94390106
0.7798234
0.7348957
0.8083537
0.9708141
0.77824515
0.90774864
0.78625417
1.0924953
0.70818603
0.94539154
0.79564047
0.8924604
0.80369174
1.0049161
0.805103
0.7943027
0.81551343
1.0629902
0.7084535
0.9776812
0.87842256
1.2428266
0.6803638
0.84090745
0.8520373
0.84562826
0.98245704
0.7313051
0.801927
0.83866215
0.9031414
0.83994055
0.89690757
0.87054104
0.89144933
1.0426803
0.7337895
0.80289924
0.7106515
0.7361676
0.85398
0.84701043
0.89292777
0.7405118
0.7677295
0.8836482
0.8531609
1.0945171
0.9230182
1.0140483
0.9314292
0.9526317
0.8761023
0.88560677
0.92807674
0.89845276
0.8657648
1.0352353
0.81618273
0.8939953
0.7431072
0.8294989
0.96331894
0.88188535
0.7997676
1.0088942
0.84019566
0.91303015
0.8784634
0.94387394
0.82278717
0.81565595
0.8320743
0.9858366
1.0331897
0.774557
0.83204603
0.87867004
0.92842686
1.0133181
0.8491365
1.0010912
1.0012631
0.7451713
0.8611972
0.7973237
0.87238026
0.8270668
0.81183803
0.9467542
0.86772764
0.78415453
0.9986598
0.7577029
0.7763934
0.87108815
0.7708211
0.8986362
0.9154945
0.83335435
0.96777153
0.69866157
0.8639804
0.9481853
0.86093867
1.0014924
1.0198212
0.8662669
0.6639073
0.97296774
1.0907476
0.7848409
0.8475709
0.9648085
0.6802834
0.8144674
0.9224591
0.9622981
1.0164984
0.81833667
0.885136
0.6855131
1.0498277
0.74768555
0.9447044
0.7789784
0.90990764
0.77430403
0.7615229
0.75078905
0.7815387
0.79584074
0.94941735
0.7112299
0.9162706
0.6483767
0.81354934
0.8182637
0.64666
0.78248084
0.99433446
0.6959379
0.8231286
0.9984439
0.72460765
0.6640203
0.9058044
0.8266063
0.69872755
0.786341
0.82320297
0.9394074
0.8224224
0.763741
0.6955849
0.82831645
0.7695211
0.78221047
0.8235473
0.82533264
0.9633479
0.89592606
1.1120747
1.0973835
1.0267385
0.8803764
0.9859634
0.7705084
0.9517094
1.1084176
0.7846875
0.82307315
1.1215883
1.0968944
0.902305
0.9753715
0.83156383
1.0068029
1.1731001
1.0302418
0.97886497
0.9747166
0.90488565
0.87913156
0.7189609
1.1718252
1.0155411
1.2140105
0.892469
0.8778602
0.968559
0.9599609
0.8062155
1.0803115
0.8702086
0.7666778
0.98432124
1.0642976
0.9794687
0.99607676
1.1437664
1.090829
0.9556517
1.0352083
1.2055991
1.2019215
1.018295
1.2420403
1.692637
1.0176833
0.89858234
1.0090384
1.0860659
0.99648154
1.0963452
0.8423368
0.93747246
1.0163383
0.94273084
0.996917
1.0004241
1.108506
0.9927813
0.85165656
1.0597757
0.9566167
1.1420547
1.0508904
1.1562866
0.91838145
0.98298645
1.0210743
1.0312164
0.9890532
1.1214124
0.96268785
1.0812023
0.89895165
1.0059657
1.0506091
0.8890439
0.85222614
1.101584
0.9103967
0.9722915
0.9106351
0.8966883
0.84659916
1.0624628
1.1170832
0.8506576
0.9966931
0.9302949
0.93480885
1.1363815
0.84931403
0.8099937
0.9827359
0.9295859
0.8934485
0.8406702
0.9594572
0.9220766
0.8599119
0.76752794
0.98960507
1.0689092
0.92304134
1.0276755
0.98098004
1.0374345
0.9802519
0.76164764
1.0715659
0.83024204
1.1245219
0.9888673
1.0046514
0.99509186
1.0287458
1.0351279
0.98691803
0.9387046
0.9190492
0.8384055
0.95486164
1.1022495
0.8714467
0.945355
1.0735104
0.82874906
1.2682092
0.8345126
0.7658402
0.9313402
0.9468589
0.8812065
1.0447714
0.9540105
0.9805526
0.8813208
0.9118991
0.95837736
0.80503887
0.9632702
0.86242825
0.9849355
0.94963837
0.75986075
0.9322723
0.8854085
0.91786677
0.75097346
1.0479517
1.0522877
0.93818617
0.8640188
1.1131128
0.88667166
0.79795676
0.84254646
0.97097015
1.031483
0.95238173
0.8765675
0.9724899
1.0442069
0.7943565
0.72769165
0.7386327
0.85015076
0.8253802
0.8677706
0.8983146
0.9033682
0.8853677
0.6977047
0.94349277
0.8928153
0.932324
0.79821014
0.62812334
0.8773385
0.81662124
0.85555494
0.9435422
0.7898399
0.83388984
0.93382484
0.7429508
0.82629526
0.84969914
0.8490398
0.8501309
0.8477637
0.9258115
0.8522192
0.9521854
0.79009366
0.90091574
1.0103586
0.7174122
0.9362611
0.7273247
0.8120316
0.62503344
1.0089499
0.75940037
0.96064407
0.7318623
0.76033163
0.7189182
0.80274403
0.7883587
0.9008308
0.8971908
0.8433255
0.79200715
0.7941369
1.0008901
0.6913829
0.76975274
0.8049109
0.7534473
0.87201846
0.8215463
0.8345159
0.7778839
0.82740587
0.9791054
1.0170162
0.8781087
0.553052
0.78301966
0.7231773
0.9032484
0.8563982
0.99948835
0.96171737
0.9992467
0.8656847
0.6850703
0.9696317
1.0526316
0.79746234
0.99902904
0.7714586
0.74459803
0.77405393
1.0040593
0.688899
0.81518376
0.8275765
0.90781903
1.0223138
0.83657825
0.85290134
0.69102967
0.7772418
0.8122728
0.7720058
0.7295464
0.8661308
0.8217145
0.92333025
0.7553026
0.7652033
0.82440597
0.78133124
0.7394891
0.82247263
0.80037034
0.7130259
0.92834437
0.91544545
0.7782901
0.6650594
0.6190121
0.8247457
0.9671934
1.0385542
0.69247794
0.79459965
0.62365025
1.0359657
0.8599219
1.0021334
0.75999093
0.8521604
0.7925191
0.75250375
0.84074724
0.9626323
0.8732775
0.7453505
0.9009242
0.8229983
0.7212548
0.9985428
0.8496157
0.84126014
0.7451787
0.73600173
0.8466036
0.6951921
0.82010317
0.65700686
0.6717238
0.8999516
0.86160874
0.86129665
0.8477064
0.861881
0.7827801
0.8667214
0.7528635
0.83021057
1.1751804
0.78197277
0.82897735
0.843641
0.86342263
0.92071223
0.7925323
0.8675144
0.9251615
0.76676154
0.7691606
0.7743859
0.76030165
0.86453253
0.9246141
0.8567751
0.7899911
0.76196826
0.8801005
0.93768704
0.84698784
0.96118045
0.74640965
0.8078613
0.7077889
0.78727216
0.8518293
0.9256083
0.81803113
0.90514296
0.94571286
0.78161365
0.7495746
0.64542574
0.86332476
0.8918232
0.7710205
0.7239789
0.7729985
0.9304796
0.7740888
0.8030575
1.1215897
0.9590529
0.71227777
0.7838695
0.62847227
0.870746
0.6656005
0.78862655
0.754936
0.76854086
0.7819388
0.87070906
0.6605164
0.77110606
1.1354866
0.7999625
0.9374103
0.923231
0.9237396
0.893275
0.9164171
0.8779589
1.0298185
0.9012186
0.95294994
0.8951374
1.039426
0.7212806
0.8198223
0.9025471
1.0019919
0.93668425
0.93471014
0.8243419
0.9740214
0.82024145
1.0769873
0.7316064
0.9041151
1.0791565
1.1240208
0.7645268
0.9970629
1.031986
0.9193858
0.93925965
1.0226322
0.91758645
0.9951118
0.6975303
0.833579
0.8270117
0.9183554
0.89002657
0.89984417
0.91194415
0.98102474
0.88109994
0.83147645
0.82745105
0.92435455
0.76311475
0.87194186
0.8653717
0.8744602
0.9231452
0.7938386
0.66787064
1.1416582
0.89032435
0.85218513
0.81199074
0.9230058
0.7488325
0.9116459
0.8999688
0.83999187
0.751225
0.8626546
0.6241795
0.9372299
1.1782532
0.7312423
0.777389
0.7593049
0.8148823
0.79289114
0.7302413
1.1270733
1.0569518
0.95159066
0.9244801
0.85258967
0.9700074
1.137104
1.1807739
0.9647782
0.75195634
0.90110034
0.9313744
0.8365475
0.8193866
0.73729
1.0035233
0.90001774
0.8902234
1.036415
0.67883134
0.852194
1.066494
1.032861
0.92703015
0.9128038
0.8080613
0.9158085
0.9899425
0.87234527
0.7524018
1.0449095
0.7781702
1.1429863
1.1262635
0.7964324
0.9735182
0.65282583
0.8720096
0.8882694
0.85367125
0.8550944
0.7914354
0.9190258
0.9675603
0.83810115
0.9807484
0.8544038
0.8936181
0.60794973
0.8549527
0.8093776
0.907103
0.7724068
1.0082055
0.86612004
0.86444765
0.7906753
0.7363589
1.0402473
0.767725
0.92628866
0.839932
1.0112209
0.83870125
0.8749264
0.8509417
0.9282974
0.97093606
0.81518316
0.8335081
0.7604163
0.90745044
0.86035544
0.7334319
0.754946
0.8279902
0.67856354
0.9698694
0.74390876
0.8281024
0.6214392
0.81602633
0.780476
0.75262463
0.9588506
0.8894665
0.95293164
0.7435462
0.85475045
0.62769085
0.82233906
0.8171092
0.8722651
0.8261193
0.94838536
0.7150775
0.6536183
0.8421092
1.1383333
0.7022283
0.8643721
0.7523041
0.92995167
0.95979756
0.78269196
1.0507507
0.7830407
0.8982845
0.6721392
0.8274013
0.83039445
0.78559166
0.6707847
0.7077146
0.5969316
0.815563
0.82539076
0.8894649
0.98117954
0.8098965
0.7938961
0.8061682
0.941702
0.9930552
0.6548884
0.9308892
0.93621385
0.78364486
0.96905136
0.96422887
0.95140874
0.8792139
0.9577793
0.7790755
1.0177954
0.7579557
0.89598083
0.8411101
0.8790213
0.943327
0.84743506
0.81322455
1.0156854
0.82104343
0.8709152
0.83734876
0.96879566
0.7849944
0.8448547
0.7675213
0.96417594
0.74510336
0.9112304
0.81141233
1.0453835
0.6628427
0.80716
0.8447982
0.75423306
0.7902274
0.8606576
0.945253
0.62850285
0.73502445
0.69326735
0.7770504
0.7664515
0.713081
0.7043739
0.68347967
0.7011239
0.78616697
0.77524996
0.76233
0.70156026
0.9931149
0.71622974
0.8560315
0.7756225
0.7800279
0.7767987
0.6952293
0.6291908
0.6955691
0.8398074
0.6524873
0.7889004
0.9957876
0.8272996
0.7961261
0.70650434
0.8437907
0.67496955
0.6696744
0.8293728
0.7726425
0.8277176
0.72107047
0.8011437
0.666201
0.9172022
0.8769854
0.87860394
0.8155838
0.85595685
0.7894573
0.86401594
0.78672695
0.9955847
0.77862763
0.9249462
0.7717154
0.6120152
0.7768636
0.8876647
0.94765204
0.6892523
0.9655801
0.9000033
0.6438258
0.8714632
0.90664256
0.7320483
0.9305912
0.60315096
0.8839105
0.75178367
0.68451416
0.8770518
0.6656656
0.7930416
0.75476354
0.89796317
0.7294413
0.79235053
0.7452068
0.68512857
0.8056605
0.910511
0.78936464
0.86869526
0.8628238
0.79579353
0.67455167
0.73256207
0.8512112
0.8482748
0.7548648
0.7209097
0.66468173
0.8480563
0.737555
0.7871594
0.6424537
0.77584255
0.9054283
0.71090555
0.8610624
0.6803293
0.7625412
0.96772677
0.6391477
0.81695366
0.88771254
0.6351972
0.69826007
0.7222951
0.80117095
0.7703568
0.7141191
0.7111871
0.73253155
0.7276301
0.8472171
0.63831
0.6854687
0.7817785
0.85149884
0.8176657
0.81431365
0.63331676
0.90462375
0.69001687
0.76344
0.6818405
0.6909746
0.7014827
0.8930485
0.75362724
0.8157876
0.70265484
0.75887555
0.808337
0.5671904
0.7074419
0.83762753
0.6727257
0.86906374
0.71354735
0.70402867
0.8018166
0.6926484
0.7027948
0.76288
0.5282177
0.71540964
0.874545
0.836032
0.66926765
0.87919813
0.8631929
0.86873937
0.7834381
0.8365797
0.8007927
0.90861416
0.9293462
0.6899768
0.861073
1.1446605
1.0284954
0.8606334
0.7207211
1.0293741
0.7542594
0.9253022
1.0730399
0.945556
0.93874866
0.7955876
0.8739425
0.78444797
0.7658486
1.134515
0.9175229
0.8422877
0.9831409
0.85373485
0.88806915
0.86270106
0.74488753
0.92645246
0.8550915
0.8811579
1.061441
1.0585645
0.72512513
0.7756764
0.8656292
0.8260032
0.8381876
0.74451756
1.0195783
1.0410256
0.77469087
0.79341376
0.80728316
0.79172945
0.76023066
0.9116184
0.9259187
0.8064182
1.1037291
0.7389474
0.8095301
1.0552461
1.1271168
0.9203125
0.8100875
0.7649353
0.7967756
0.8459438
0.95115364
0.840858
0.70246077
0.9948957
0.7012148
0.9560677
0.81404144
0.8762539
0.8153974
0.840497
0.86103934
1.0071564
0.8117779
0.9167035
0.7400028
0.67629653
0.7708143
0.960164
0.6035167
0.6590442
0.82913136
0.7976558
0.7694056
0.77332604
0.75193626
0.8504395
0.8141257
0.81535524
0.8293867
0.8459511
0.89844
1.1303041
0.8536546
0.7239069
0.71617544
0.7155491
0.7606702
0.7784917
0.74871683
0.75281644
0.76030415
0.92302626
0.7116053
0.74439555
0.60424984
0.862154
0.8251786
1.1004384
0.808731
0.7423779
0.6691232
0.8383292
0.91746473
0.73447967
0.93880486
0.7674694
0.6829857
0.84476626
0.68188584
0.85213536
0.6455122
0.78444123
0.9170863
1.3964578
1.3431782
0.9651041
1.4700371
1.5689335
1.5459893
0.89609385
1.6258941
1.16099
1.572331
0.9531892
1.1860468
0.96368957
1.7163603
1.519494
1.5891259
1.591008
1.541785
0.8940489
1.370775
1.3283811
1.4639909
1.4055263
1.0633404
1.0474373
0.9809053
1.144284
1.0593752
1.0062206
1.039891
0.97802293
0.87055504
1.0950433
0.7647859
0.8434048
0.88949585
0.834657
0.7632214
0.6641596
0.98205465
0.9837183
0.72737753
0.94883454
0.8694836
1.141242
0.8021908
0.76382726
0.7774255
0.6633509
0.84928
0.8746355
0.6784638
1.1091604
1.0219704
0.8257819
0.9383814
0.8545368
0.9925984
0.7900779
0.81327677
0.804423
0.91586685
0.8187551
0.7837994
0.76048386
0.77376294
0.86534333
0.69040954
0.84493154
0.841546
0.9580867
0.8426573
0.81999105
0.8476604
0.84454775
0.94278896
0.74495584
0.8705282
0.7423913
0.8193558
0.92977136
0.84743285
0.6806514
0.91250384
0.67095536
0.7196981
0.78800356
0.68314695
0.92910254
0.89457816
0.9084346
0.7597615
0.7314666
0.79917717
0.8122426
0.9018894
0.82772267
0.84476894
0.79417264
0.89480567
0.7495166
0.79934675
0.9294417
0.8019632
0.6663152
0.81455237
0.8160158
0.8572973
0.78793114
0.74537134
0.8616497
0.76008415
0.77021474
0.73104775
0.89091504
1.0946959
0.8638593
0.6767485
0.6377321
0.8080201
0.93394256
0.8846295
0.80877876
0.7647046
0.9365728
0.7098505
1.0544693
0.6724228
0.93281406
0.7863848
0.928348
0.803179
0.8710872
0.9875886
0.9652146
0.79145336
0.750561
0.87857354
0.85952735
0.70476997
0.8185751
1.676422
1.4526007
0.79442704
1.4835855
1.6495626
1.0344409
1.6790379
1.1036966
1.4362425
1.5470759
1.8273864
0.86690736
1.1725266
1.523926
0.8672086
0.9094587
1.1680574
0.8849397
0.78508604
0.8638607
0.7788048
1.0300097
0.7401576
0.8082963
0.84617007
0.85596055
0.8310375
0.8860064
0.81244606
0.7337563
0.8340405
0.8017116
0.84515834
0.7804066
0.64139473
0.7334666
0.73836756
0.831632
0.7251876
0.88016504
0.9683855
0.8107438
0.794476
0.8550327
0.69045025
0.74163824
0.6589627
0.73623145
0.90434355
0.7556013
0.97632515
0.74379504
0.90242285
0.8139516
0.5203837
0.75881094
0.88363814
0.7462028
1.0589279
0.74463606
0.8158351
0.7437779
0.7740488
0.97665024
0.7679002
0.7756863
0.56495035
0.627964
0.85775626
0.67848754
0.711622
0.8278923
0.6559041
0.7578214
0.8446286
0.7086594
0.69900155
0.54366934
0.6600639
0.8035885
0.63528
0.6930343
0.8524476
0.7669627
0.6708417
0.7065079
0.770782
0.63179445
0.72038233
0.8240503
0.746787
0.70065224
0.72434163
0.63681793
0.71322984
0.757916
0.80185944
0.85052043
0.7415899
0.7453188
0.9830712
0.6396919
1.0683016
1.1746418
1.2088748
0.94013774
1.1057019
1.0286012
1.0329987
1.0768503
0.9822345
1.0223114
1.1353934
1.1031172
1.1183305
1.3538387
1.1067331
1.1681265
1.0366366
1.4152174
1.1654993
1.30143
1.1787612
1.2257535
1.2218757
0.92541134
1.2800984
0.9451039
1.2544719
1.0343513
1.0889783
1.0509849
1.0825517
1.0485967
1.1475747
1.0460677
0.9587163
1.1161625
1.1403735
1.1654836
0.91497016
1.0555437
0.98513186
0.9638418
1.159868
1.1362364
0.8775755
1.0964853
0.8516652
1.0411487
1.199223
1.0110042
0.850216
0.90107846
1.2379564
0.8530622
1.0050523
0.9311278
0.9915274
1.0779498
0.7766953
0.77965015
0.90139097
0.87401134
1.0676175
1.0312452
0.988611
1.0165579
0.9536225
0.9019404
0.909015
0.8635216
0.9431421
0.8717714
1.0544622
0.8589935
0.80397904
0.90166795
0.9358231
0.80959976
0.9949672
0.9263593
1.1954207
1.039953
1.0484602
1.0026002
0.8560921
1.0689166
0.96018845
0.8848475
0.89245415
0.88799816
0.8833511
0.8597978
0.8276033
0.9388926
0.86513394
0.97482497
0.72717166
0.9297883
0.92118174
0.86502504
0.8519112
1.0517703
0.9089469
1.2419817
0.84110856
0.80092764
0.9701516
1.101112
0.6765282
0.9100279
0.916872
0.7994898
0.8807992
0.9253967
0.9721154
1.1376846
0.8589293
1.00514
1.0195314
0.9215416
0.7732145
0.8265915
0.97983736
0.8080642
0.8891376
0.7296033
1.0604193
0.8860973
0.9195143
0.8335789
0.9148333
1.2557789
1.089824
0.928638
0.8481811
1.1174426
1.0208542
1.0185146
0.9163584
0.88088024
0.81829536
0.84288055
1.0453174
0.75566316
0.8573794
0.9766707
0.75593853
0.8027591
0.95545685
0.8854445
0.94656944
0.79579806
0.71847355
0.85654354
1.1296852
0.8233072
0.937831
1.012071
1.0788846
0.87733936
0.8651034
0.9068916
0.7919196
0.7295104
0.73826724
0.9972985
0.9864739
1.0354152
0.7390833
1.0171928
0.96170086
0.8867376
0.7605719
1.0437288
0.92574537
0.74689436
1.0615628
0.7617265
0.73290247
0.920451
0.9339016
0.8612257
0.94034815
1.0994264
0.8908421
0.8424386
0.6993219
0.8008483
0.76490617
0.86830205
1.041641
0.9792348
0.71548676
0.88405335
0.7734924
0.8472891
0.8613521
0.9652765
0.9469019
0.7462305
0.85454506
0.85590446
0.88978815
0.95553434
0.9452188
0.8005047
1.0551229
0.8900885
0.8377346
0.9375228
0.868268
0.8277911
0.6252066
0.7836256
0.9714919
0.7617278
0.98229235
0.7707167
0.86028457
0.7774668
0.7772093
0.8103409
0.7910702
0.81424344
1.041189
0.79010975
0.8256723
0.8475827
0.76847553
0.88908684
0.7035456
0.75118387
0.8044312
0.9024807
0.9326857
0.9993874
0.90588367
0.88720167
1.074202
0.7985788
1.0546627
0.9698222
0.69297826
0.7280466
0.85276675
0.8089885
0.74776167
0.8470515
0.871848
0.8671323
0.70572543
0.79957116
0.831455
0.9601208
0.80850834
0.6643442
0.90689963
1.0948079
0.66960454
0.90004736
0.76075137
0.995111
0.8021163
0.7630935
0.7736601
0.6840538
0.918424
0.8055895
0.8139258
0.7604255
0.6222741
0.88947326
0.91295326
0.8610221
0.7992547
0.73437893
0.79242265
1.0387366
0.8772215
0.71440244
0.7594388
0.88251454
0.876547
0.76451325
0.7252364
0.91470826
0.93653405
0.7716099
0.76881933
1.356336
1.0699778
1.4332725
1.1171725
0.7724749
1.4895198
1.4504817
0.9145859
1.1613555
1.2077199
0.6222281
0.8950944
0.9340636
0.82722884
0.7965682
0.82760304
0.9341145
0.98439074
0.94349706
1.1258922
0.7416076
0.99152195
0.90290755
0.9827785
0.9830709
1.3355546
0.86273235
0.90739954
0.8580451
0.71131426
1.0189114
0.9348086
0.9956778
0.84199536
0.96569526
0.8859308
0.8285847
0.8473904
0.9410316
0.9902537
0.9507807
1.1456547
0.8020717
1.0952308
0.80991745
0.9107539
0.7382479
0.847302
0.9422326
0.9315938
0.8991355
0.92802906
0.8903655
0.9859762
0.81994224
0.9549949
0.860352
0.7823174
0.8234352
0.959944
0.9387349
0.8859578
0.83582807
0.81006026
1.0098467
1.0549996
0.8344328
0.98038036
0.84476566
0.78965676
0.705411
1.2494876
1.0237315
0.8711961
0.90595394
0.915611
0.9714217
0.7385582
1.1833038
0.84546155
0.91465807
0.8351709
0.8275918
0.8261034
0.7870296
0.71658945
0.86220825
0.9570858
1.1661415
0.89482474
1.1267734
0.8579903
0.8715412
1.0995296
0.8694386
0.9415169
0.73189574
1.1414534
0.7987973
0.81429106
0.90178746
0.82606137
0.9566596
0.8998412
0.7339918
0.85295933
0.88757706
1.0660975
0.84576046
0.9098738
0.7809155
0.66485935
1.0111903
0.8659562
0.7894658
0.79190016
0.9846183
0.87867963
1.0289605
0.70100915
0.7917731
0.8825536
0.9015548
1.0410144
0.83844435
0.7858881
0.65659255
0.9125724
0.90354276
0.6915295
0.7858793
0.9683916
0.7238734
0.6501454
0.73330325
0.8221047
0.7968804
0.78707445
0.87762934
0.7509861
0.83634835
0.7911752
0.7602931
0.78100824
0.7829392
0.8045216
0.86571014
0.6254575
1.0080516
0.7881639
0.7956809
0.6590129
0.8085506
0.8085147
0.97626746
0.95327055
0.81496537
0.7770078
0.80924225
0.75051355
0.8024655
0.67396206
0.78868103
0.8598382
0.90237224
0.75830555
0.84877044
1.0687788
0.899022
0.84240526
0.7380021
0.8704579
0.773137
0.8809751
0.834382
0.8399853
0.756845
0.6303911
0.7486618
0.8637609
0.81180894
0.8990848
0.9555209
0.7548645
0.70992565
0.6326723
0.859161
0.7471678
1.0204052
1.0043714
0.6494887
0.8536598
0.7233478
0.80044377
0.8232031
0.8184165
0.79258853
0.7162756
0.7125547
0.9806464
0.84573805
0.7597812
0.86954343
0.9399767
0.92986006
0.72010106
0.8523859
0.7661202
0.7504597
0.6488205
0.67068726
0.6708052
0.78146577
0.96342593
0.7298862
0.7799661
0.7192833
0.8635266
0.7699741
0.7825824
0.770926
0.74550915
0.6704684
0.82712805
0.89236677
0.9435822
0.81736636
0.75939256
0.9007845
0.6293063
0.78154314
0.7863643
0.7695423
0.68703926
0.82397085
0.619787
0.7071969
0.8813454
0.6482297
0.9224651
0.70299387
0.87676585
0.6553211
0.7314042
0.81995827
0.7898139
0.8407033
0.6561794
0.82246745
0.86188567
0.75468725
0.72024345
0.95168406
0.77639985
0.78802884
0.62268645
0.89486974
0.98181
0.8154733
0.58271986
0.6936422
1.0878749
0.79423183
0.7396885
0.6560494
0.84165955
0.78173006
0.8031981
0.92984194
0.8435925
0.76435053
0.81731415
0.7913909
0.7370587
0.8454481
0.886209
0.7425232
0.74509835
0.8504284
0.6667005
0.5975498
0.6406277
0.6851672
0.69456005
0.80669534
0.7340504
0.7896488
0.8244369
0.70675874
0.699517
0.9160821
0.7250328
0.69583964
0.6833669
0.7771604
0.89351124
0.61735827
0.69931126
0.8536294
0.6402346
0.6874464
0.86496174
0.7046659
0.7035122
0.7055181
0.84633756
0.949539
0.80802906
0.695408
0.8493986
0.7770635
0.78449845
0.81480944
0.9555012
0.8305312
0.75260216
0.82440853
1.0345591
0.7457285
0.8486188
0.8441832
1.1034046
0.9612833
1.0899204
1.2532059
1.4059333
1.6766629
1.0901837
1.032916
0.9895787
1.0616854
0.95216084
1.1116269
0.9751123
2.011095
1.2919779
0.99211085
1.1558746
0.9667865
1.2873502
1.1107965
1.1632588
1.3556406
0.9936398
1.2354599
1.261884
1.1403742
1.2348027
1.0115075
1.1470835
0.9715366
1.2736125
1.1332574
0.9299865
1.2534939
1.1786888
1.28176
0.9652188
1.2398608
1.2355155
0.9102299
1.1012712
0.99903536
1.0421239
1.1258421
0.9514988
0.893523
1.0343578
0.92587745
1.2951561
1.174006
1.1344974
1.0275748
1.127372
0.93228877
1.0241828
1.4287248
0.929604
0.96753776
1.01549
0.977497
1.2087082
0.90791845
0.8215839
1.095322
1.1585767
1.0055857
1.1558461
1.1046313
1.017925
1.0993283
0.9409839
1.049095
1.0338355
0.9670557
0.9360137
1.0507702
1.0843797
1.017314
1.098984
1.2192765
1.0084912
1.0854303
1.0307412
1.0293745
1.0392063
0.9538376
0.9076194
1.2288179
0.948491
0.957755
0.8703908
0.8927393
1.1131916
0.9346049
0.8405571
0.9351079
0.96186864
0.97660613
0.87768424
0.70482814
0.9856332
0.97196746
1.0164282
0.97465575
1.0262702
0.99747205
1.0107512
0.95502454
0.9362605
1.187005
1.0157672
1.0225923
1.1187156
1.0082476
0.8847871
1.0315104
1.0172427
0.7704538
0.9030392
1.0368153
0.95380753
0.82184184
0.9739664
1.046848
0.959805
0.9769229
0.9983052
0.98479795
0.91626984
0.9808645
0.97445387
1.0328288
0.77168787
0.83859444
1.0088322
0.9667539
0.89388084
0.7436674
0.9849201
0.7654948
1.0885957
1.236268
1.0837853
1.0204617
1.0238602
0.961637
0.9923837
0.8007642
0.7933638
1.1304898
1.046671
0.7766133
0.9594221
0.99991804
0.9582449
0.8432155
1.0535568
0.94548607
0.77001965
0.7667756
0.833653
0.80189514
0.78275794
0.95005476
0.90066195
1.0763876
0.8752383
0.8214984
0.74128306
1.0872478
0.80869865
0.8896897
0.9462301
0.9185789
0.8279563
0.73484623
0.73549163
0.7986573
0.933321
0.8103301
0.90923536
0.9135517
0.89583975
0.9023206
0.9229133
0.7208909
0.8478141
0.9235443
0.99483615
0.889906
0.96001863
0.89791673
1.090681
0.9052452
1.0160873
0.94125426
0.8755496
1.0423905
1.005048
0.8838334
0.9131803
0.75471646
0.74371517
0.66264915
0.8721593
0.8832056
0.95606995
0.8545698
0.9407595
0.8190924
0.79535264
0.83117175
0.91823554
0.9390472
0.6495343
0.77289444
0.94249314
1.0382483
0.8021463
0.8676027
0.8638916
0.8013608
0.81731945
0.79971915
0.7722131
0.66164136
0.75266916
1.0469165
0.8528257
0.7165443
0.8428803
0.81619775
0.88183016
0.74486923
0.96172816
0.98355645
0.9254632
0.76866055
0.8773746
1.0175099
0.96945983
0.8516731
0.88875616
0.81223714
0.6497764
0.9294435
0.7989798
0.8622325
0.7407334
0.85317385
0.8501295
1.0205263
0.9190553
0.7436201
0.96506643
0.7762914
0.72537524
0.72964287
1.0242782
0.7048916
1.0610263
0.924995
0.90719986
0.81701624
0.9502716
0.8919821
0.6764966
0.9549075
0.9891566
0.9045755
1.2028147
1.0369749
1.0280962
0.99656516
0.96035814
1.2491971
1.1572948
1.1741894
0.987785
0.88661146
1.0885046
1.2728409
1.0248895
1.0689707
1.1147188
1.3508132
1.3347936
1.2284216
1.4369721
1.1625593
1.237052
0.9671075
0.9745319
1.0375696
1.200654
1.1091478
1.0781133
0.8970084
1.0539733
1.0272315
0.9264145
0.9565832
0.9812523
0.8900652
1.1376262
1.083225
0.89602697
1.0436919
1.0133244
0.9542643
1.1523327
1.0629234
0.91712683
1.1669791
1.0292847
1.0122449
0.7799926
0.8635359
0.93210113
0.9116802
1.0591478
1.1360915
0.8215209
0.7228482
0.7932759
1.0529143
0.89580745
0.829419
0.91975665
0.8584765
0.9067327
0.73220885
0.96490395
0.84323794
0.66022134
0.9367262
0.99932617
0.999042
0.7399262
0.99704385
0.8635771
0.8709413
0.93477917
0.9439791
0.86390096
0.8289374
0.76659095
0.8519325
0.96540856
0.89671934
0.90694225
0.73101103
0.91345614
0.8676256
0.8978585
0.9033485
0.8258775
0.87471753
0.8448254
0.7554184
0.9705954
0.71626186
0.8093772
0.8553768
1.0005435
0.92717636
1.000281
0.79493093
0.8218755
0.96499646
0.74646825
0.7070925
1.0195987
0.93264794
0.8344048
0.81275547
0.97498214
0.81972736
0.8646443
0.9599886
0.6683396
1.0050244
0.761378
0.79177403
0.9594091
0.946585
0.8466793
0.7116631
0.8382747
0.96362823
0.79914695
0.8708062
0.797733
0.863299
0.80666685
0.95353305
0.7998297
0.84437186
0.66626114
0.86845326
0.7747854
0.8641622
0.7139005
0.75698423
1.0222697
0.74605453
0.8490683
0.8006368
0.9489281
0.8247559
0.868363
0.789992
0.96864295
0.8278569
0.8731102
0.70636034
0.79814035
0.92024124
0.7772468
1.0532215
0.76635647
0.7156302
0.84067863
0.92682576
0.8845914
0.8080304
0.85348356
0.73473614
0.8197322
0.7372753
0.90794504
0.8230971
0.86424166
0.7716788
0.7410282
0.87868774
0.74934864
0.8739143
0.9437796
0.76432264
0.84730023
0.72607374
0.66127735
0.7314937
0.74459594
0.76606315
0.7721851
1.0256631
0.9062065
0.78679264
0.80681527
0.8825435
0.9064953
0.924229
0.8312834
0.6886058
0.8496072
0.8148801
0.72483885
0.66152227
1.0005672
0.9698155
0.7489538
0.69628227
0.7805727
0.6163975
0.713817
1.0308354
0.93565327
0.8138445
0.7238856
0.7193702
0.8453107
0.8425565
0.8900817
1.0067097
0.9477031
0.96084094
0.77465075
1.1030858
0.87168366
0.9338325
0.9676017
0.84929097
0.80532956
0.9471649
0.8565321
0.9337719
1.0079622
0.8787239
0.8908781
1.0236579
1.0668931
0.7922995
0.8452283
0.93083876
0.86173147
0.83956456
0.9136966
1.0872
0.997664
0.8320197
0.94771093
0.8613252
0.8885286
0.84239554
0.9843502
0.7093439
0.99524033
0.99691224
0.9834529
0.86669743
0.7379887
0.7645525
0.83062196
0.87261313
0.93273705
0.86202323
0.8380387
0.82147604
0.8745213
0.89732575
0.93617785
0.73538816
0.78650135
0.80725616
0.91476405
0.8822247
0.74932903
0.891059
0.92853963
1.019767
0.9762422
1.0146251
0.96510404
0.8050718
0.72946894
0.9335736
0.6996474
0.6538942
0.67962563
0.73135906
0.9556838
0.83961135
0.7626839
0.8200654
0.9116671
0.8802258
0.85801303
0.801224
0.7520601
0.794435
0.8536984
0.78027546
0.81126523
0.7750966
0.83905363
1.0596943
0.84666586
0.9245883
0.86978036
0.76486933
0.7964767
0.7745495
0.8235966
0.6796206
0.88741636
0.85647976
0.7816357
0.78282726
0.882208
0.87850434
0.705709
0.83272034
