0.3
0.2375
0.35
0.35
0.3625
0.38750002
0.35000002
0.4
0.375
0.3375
0.3125
0.2875
0.45
0.23749998
0.38750002
0.325
0.35000002
0.25
0.39999998
0.3625
0.3625
0.325
0.4125
0.325
0.39999998
0.23750001
0.3125
0.4375
0.375
0.3625
0.41250002
0.425
0.4
0.425
0.2875
0.3125
0.39999998
0.38750002
0.35
0.46249998
0.325
0.35
0.3375
0.35
0.32500002
0.46249998
0.375
0.3125
0.45000002
0.375
0.36249998
0.38750002
0.4625
0.35000002
0.4625
0.36249998
0.3375
0.4125
0.35
0.45
0.41250002
0.425
0.46249998
0.28750002
0.35000002
0.425
0.39999998
0.4875
0.3625
0.3625
0.35
0.4875
0.375
0.39999998
0.4375
0.47500002
0.375
0.375
0.4125
0.32500002
0.4
0.4375
0.35
0.5125
0.39999998
0.41250002
0.45
0.38750002
0.40000004
0.4375
0.45
0.375
0.4625
0.4375
0.4625
0.5
0.325
0.4125
0.55
0.425
0.45
0.4
0.45
0.39999998
0.525
0.47499996
0.47500002
0.475
0.375
0.38750002
0.425
0.5
0.525
0.35000002
0.4
0.525
0.45
0.38750002
0.475
0.4375
0.5375
0.5125
0.45000002
0.48749998
0.525
0.4625
0.4125
0.4875
0.4375
0.49999997
0.475
0.45000002
0.4375
0.475
0.5
0.45000002
0.46249998
0.45
0.5
0.5125
0.55
0.45
0.4625
0.4125
0.4875
0.475
0.45
0.375
0.4125
0.4625
0.4375
0.45
0.525
0.5
0.4875
0.55
0.4375
0.475
0.58750004
0.55
0.51250005
0.48749998
0.4625
0.61249995
0.42499998
0.51250005
0.47500002
0.45000002
0.5
0.5125
0.6125
0.4625
0.4875
0.45000002
0.5125
0.55
0.45
0.45000002
0.45
0.5375
0.5
0.41249996
0.5125
0.425
0.48749998
0.475
0.5375
0.46250004
0.52500004
0.6
0.5875
0.54999995
0.5625
0.52500004
0.5875
0.51250005
0.51250005
0.4
0.67499995
0.47500002
0.51250005
0.575
0.4375
0.5
0.5625
0.675
0.4875
0.425
0.4875
0.525
0.6375
0.5
0.55
0.5125
0.5375
0.4875
0.525
0.4875
0.525
0.575
0.61249995
0.675
0.57500005
0.54999995
0.4875
0.5375
0.59999996
0.49999997
0.5625
0.5625
0.55
0.6
0.5625
0.57500005
0.5
0.55
0.5125
0.39999998
0.56249994
0.525
0.55
0.47500002
0.47500002
0.475
0.5875
0.5375
0.65000004
0.575
0.54999995
0.5875
0.6125
0.575
0.46249998
0.4375
0.6125
0.525
0.66249996
0.5
0.525
0.4625
0.525
0.525
0.65
0.55
0.51250005
0.625
0.5625
0.55
0.575
0.5
0.47499996
0.55
0.55
0.58750004
0.6
0.58750004
0.65
0.57500005
0.575
0.55
0.6625
0.625
0.5375
0.41250002
0.5
0.5
0.45
0.5625
0.4875
0.4875
0.425
0.475
0.55
0.5375
0.46249998
0.55
0.6
0.65
0.5625
0.5375
0.65
0.625
0.575
0.65000004
0.625
0.5875
0.48749998
0.53749996
0.5875
0.58750004
0.5375
0.6875
0.6
0.61249995
0.6125
0.525
0.55
0.5
0.55
0.6125
0.67499995
0.6
0.55
0.53749996
0.5375
0.5125
0.6625
0.6625
0.525
0.575
0.57500005
0.52500004
0.625
0.5125
0.575
0.5875
0.6375
0.5875
0.5875
0.575
0.625
0.625
0.575
0.71250004
0.625
0.6125
0.54999995
0.6375
0.7375
0.575
0.57500005
0.6
0.625
0.525
0.6
0.55
0.66249996
0.575
0.5500001
0.5
0.5625
0.65
0.57500005
0.54999995
0.625
0.6625
0.45000002
0.6
0.65000004
0.7125
0.4875
0.57500005
0.6375
0.575
0.6375
0.6
0.6
0.5875
0.54999995
0.6125
0.6375
0.55
0.575
0.53749996
0.55
0.6125
0.52500004
0.6375
0.5875
0.55
0.5625
0.54999995
0.625
0.58750004
0.6125
0.6
0.43749997
0.4875
0.6
0.5375
0.70000005
0.6375
0.6375
0.4875
0.5625
0.6
0.525
0.58750004
0.57500005
0.55
0.6125
0.625
0.5625
0.6375
0.625
0.5125
0.65
0.575
0.6
0.675
0.65
0.5875
0.6625
0.525
0.5625
0.67499995
0.57500005
0.65000004
0.625
0.61249995
0.5375
0.5875
0.6125
0.575
0.6875
0.6125001
0.625
0.6875
0.52500004
0.575
0.6375
0.5375
0.65
0.6375
0.65
0.6125
0.6625
0.6875
0.625
0.65
0.5125
0.5875
0.61249995
0.58750004
0.6
0.5625
0.6
0.6625
0.65
0.5375
0.65
0.5375
0.5375
0.6
0.54999995
0.7125
0.5375
0.6375
0.5625
0.65
0.6125
0.5625
0.65
0.725
0.5875
0.55
0.5875
0.65
0.6
0.5875
0.5625
0.5625
0.5625
0.5625
0.6625
0.5625
0.6
0.6625
0.66249996
0.625
0.6375
0.5625
0.6875
0.575
0.6375
0.61249995
0.7
0.6125
0.6
0.66249996
0.6625
0.65000004
0.6625
0.625
0.55
0.6125
0.6750001
0.6875
0.6375
0.625
0.5875
0.71250004
0.57500005
0.6625
0.63750005
0.7125
0.625
0.575
0.67499995
0.65000004
0.63750005
0.63750005
0.65
0.66249996
0.6125
0.6875
0.72499996
0.65000004
0.625
0.67499995
0.575
0.625
0.625
0.6625
0.5625
0.725
0.6625
0.5875
0.6374999
0.7125
0.6875
0.70000005
0.59999996
0.67499995
0.675
0.6125
0.625
0.53749996
0.5875
0.65000004
0.61249995
0.625
0.6625
0.625
0.5875
0.625
0.675
0.575
0.5125
0.71250004
0.6625
0.6375
0.5875
0.7125
0.625
0.65000004
0.625
0.72499996
0.63750005
0.7125
0.65
0.575
0.6875
0.61249995
0.6625
0.6375
0.7125
0.6625
0.575
0.7
0.725
0.57500005
0.6125
0.6125
0.625
0.625
0.7125
0.61249995
0.65
0.6625
0.75
0.6125
0.65
0.6
0.625
0.55
0.6750001
0.675
0.6625
0.59999996
0.6625
0.7625
0.7375
0.7125
0.59999996
0.70000005
0.43749997
0.7375
0.7
0.6
0.67499995
0.575
0.6375
0.66249996
0.46249998
0.6125
0.6875
0.7375001
0.6125
0.67499995
0.75
0.55
0.54999995
0.7
0.6875
0.625
0.6375
0.70000005
0.68750006
0.63750005
0.52500004
0.5375
0.72499996
0.65000004
0.65
0.58750004
0.6875
0.48749998
0.5875
0.47500002
0.6625
0.5625
0.7125
0.5875
0.625
0.575
0.6875
0.6374999
0.61249995
0.65
0.5375
0.71250004
0.57500005
0.76250005
0.70000005
0.52500004
0.66249996
0.5875
0.65
0.7
0.65
0.74999994
0.65
0.65
0.5625
0.6
0.625
0.65
0.58750004
0.675
0.7375
0.625
0.61249995
0.67499995
0.6625
0.6875
0.6875
0.5625
0.65
0.61249995
0.775
0.63750005
0.625
0.71250004
0.6625
0.65
0.6875
0.73749995
0.6125
0.6625
0.6
0.6875
0.65
0.6625
0.7125
0.6375
0.6875
0.675
0.6625
0.5375
0.6375
0.75
0.7125
0.575
0.7
0.6875
0.70000005
0.6625
0.7625
0.66249996
0.65
0.6375
0.6375
0.7125
0.6
0.73749995
0.63750005
0.65
0.625
0.65
0.5625
0.625
0.67499995
0.6375
0.725
0.53749996
0.7
0.6625
0.65
0.6375
0.65
0.6375
0.63750005
0.65
0.76250005
0.7125
0.725
0.7125
0.6375
0.7125
0.775
0.625
0.6
0.725
0.73749995
0.5875
0.6875
0.75
0.7875
0.5625
0.8125
0.73749995
0.67499995
0.6875
0.725
0.71250004
0.5625
0.70000005
0.6375
0.65
0.72499996
0.6625
0.6875
0.6625
0.625
0.625
0.73749995
0.625
0.625
0.7125
0.65
0.675
0.6875
0.5625
0.6625
0.6375
0.65
0.6
0.57500005
0.6125
0.53749996
0.57500005
0.70000005
0.575
0.6
0.575
0.65000004
0.5625
0.5625
0.5625
0.525
0.5625
0.61249995
0.5875
0.6125
0.65
0.5625
0.5875
0.59999996
0.6
0.625
0.625
0.6375
0.65000004
0.66249996
0.5875
0.6375
0.65
0.6125
0.6
0.63750005
0.5875
0.725
0.6375
0.6
0.65000004
0.725
0.65
0.5625
0.65
0.625
0.5375
0.6625
0.6
0.6875
0.6125
0.47500002
0.6375
0.6125
0.55
0.7
0.6375
0.6625
0.59999996
0.525
0.75000006
0.6625
0.61249995
0.6625
0.5125
0.58750004
0.7
0.6875
0.6625
0.6625
0.65
0.525
0.53749996
0.65
0.75
0.6
0.5875
0.6
0.725
0.65
0.5875
0.63750005
0.67499995
0.65
0.6125
0.6375
0.65
0.625
0.675
0.7
0.675
0.525
0.70000005
0.55
0.6
0.63750005
0.6125
0.575
0.675
0.7125
0.65
0.6750001
0.70000005
0.625
0.57500005
0.625
0.6625
0.5875
0.5875
0.72499996
0.6375
0.7375
0.6875
0.6125
0.65
0.61249995
0.575
0.5625
0.625
0.67499995
0.675
0.7125
0.65000004
0.7625
0.625
0.625
0.65
0.75
0.625
0.6625
0.625
0.55
0.625
0.6875
0.67499995
0.65000004
0.675
0.6625
0.75
0.6875
0.575
0.6875
0.75
0.6875
0.6875
0.68749994
0.5625
0.775
0.8
0.625
0.6625
0.6
0.72499996
0.6625
0.6625
0.6875
0.6375
0.65
0.6625
0.6125
0.65
0.725
0.7
0.7375
0.625
0.675
0.5625
0.625
0.6125
0.6125
0.6625
0.70000005
0.59999996
0.65
0.65
0.6875
0.6
0.72499996
0.70000005
0.59999996
0.7
0.68749994
0.6375
0.59999996
0.725
0.70000005
0.6625
0.6625
0.70000005
0.65
0.6875
0.63750005
0.7125
0.65
0.6125
0.75
0.65
0.6625
0.5875
0.6375
0.59999996
0.8125
0.6625
0.5875
0.675
0.65000004
0.575
0.67499995
0.625
0.7
0.7375
0.5875
0.74999994
0.61249995
0.6
0.675
0.675
0.625
0.65
0.6875
0.7125
0.7375
0.6625
0.67499995
0.61249995
0.6875
0.75
0.7375
0.65
0.7125
0.7625
0.6875
0.73749995
0.675
0.6625
0.68749994
0.65
0.6625
0.725
0.6625
0.6625
0.625
0.7624999
0.7625
0.625
0.61249995
0.7624999
0.6125
0.6375
0.65
0.6125
0.6625
0.73749995
0.66249996
0.7125
0.5875
0.72499996
0.76250005
0.6375
0.67499995
0.7
0.575
0.775
0.75
0.6625
0.75
0.66249996
0.6875
0.65
0.6625
0.70000005
0.6875
0.6625
0.65000004
0.65000004
0.725
0.6875
0.675
0.6375
0.73749995
0.65
0.725
0.625
0.725
0.7125
0.65
0.7125
0.725
0.775
0.67499995
0.6625
0.6375
0.65000004
0.725
0.71250004
0.625
0.725
0.725
0.625
0.725
0.6125
0.67499995
0.67499995
0.71250004
0.625
0.625
0.66249996
0.625
0.71250004
0.67499995
0.67499995
0.70000005
0.6625
0.63750005
0.71250004
0.61249995
0.6875
0.7125
0.725
0.7375001
0.72499996
0.5875
0.65
0.7125
0.63750005
0.85
0.75000006
0.7125
0.675
0.6875
0.675
0.78749996
0.68749994
0.6875
0.65
0.7125
0.65
0.71250004
0.75
0.65
0.6
0.6875
0.73749995
0.7
0.825
0.70000005
0.8125
0.625
0.7
0.6625
0.6625
0.6875
0.6750001
0.725
0.75
0.65
0.6875
0.67499995
0.75
0.6625
0.6875
0.6875
0.7
0.65
0.6375
0.67499995
0.7125
0.75
0.825
0.6625
0.7125
0.6875
0.73749995
0.70000005
0.7
0.7
0.7875
0.65000004
0.75
0.625
0.75
0.725
0.70000005
0.7
0.675
0.78749996
0.7375
0.825
0.6
0.725
0.73749995
0.7
0.7875
0.7875
0.7375
0.7625
0.76250005
0.77500004
0.7125
0.71250004
0.61249995
0.7625
0.7125
0.675
0.625
0.7375
0.66249996
0.67499995
0.65
0.6999999
0.6625
0.76250005
0.7625
0.6875
0.55
0.7
0.7125
0.76250005
0.66249996
0.6125
0.7125
0.79999995
0.625
0.6375
0.7
0.6875
0.725
0.73749995
0.65
0.7375
0.65000004
0.65
0.725
0.65
0.675
0.59999996
0.675
0.72499996
0.75
0.7125
0.6
0.7625
0.6875
0.5875
0.625
0.62500006
0.7375
0.66249996
0.7375
0.76250005
0.7125
0.6625
0.73749995
0.675
0.6125
0.7125
0.6875
0.6750001
0.6375
0.725
0.72499996
0.7
0.625
0.8375
0.6375
0.7625
0.79999995
0.75
0.675
0.7
0.625
0.67499995
0.77500004
0.675
0.7625
0.75
0.6625
0.7375001
0.7375
0.625
0.7
0.6875
0.825
0.75
0.725
0.6625
0.775
0.66249996
0.5875
0.65
0.7375001
0.5875
0.75
0.75
0.725
0.75
0.6875
0.70000005
0.775
0.75
0.67499995
0.6125
0.7375
0.575
0.625
0.6125
0.6
0.7
0.7375
0.66249996
0.76250005
0.6625
0.6875
0.65
0.70000005
0.7624999
0.825
0.7125
0.65
0.7125
0.66249996
0.6875
0.725
0.6875
0.65000004
0.70000005
0.70000005
0.75
0.5875
0.725
0.775
0.7375
0.65
0.725
0.6875
0.6125
0.6375
0.73749995
0.6875
0.74999994
0.70000005
0.775
0.76250005
0.5875
0.675
0.775
0.73749995
0.725
0.675
0.61249995
0.7625
0.6875
0.76250005
0.6375
0.775
0.825
0.75
0.6375
0.72499996
0.725
0.67499995
0.775
0.7375
0.6875
0.75
0.7
0.7624999
0.6375
0.7625
0.725
0.775
0.65
0.6375
0.8
0.6375
0.61249995
0.7125
0.76250005
0.7
0.70000005
0.7375
0.7125
0.7375
0.6625
0.725
0.75
0.7
0.71250004
0.75
0.775
0.575
0.6625
0.63750005
0.63750005
0.8125
0.77500004
0.7
0.6875
0.8125
0.6625
0.625
0.6875
0.6125
0.6
0.75
0.7625
0.70000005
0.6625
0.7125
0.65
0.6750001
0.73749995
0.66249996
0.7
0.7375
0.65
0.66249996
0.725
0.775
0.67499995
0.7375
0.625
0.73749995
0.7375
0.6625
0.6999999
0.6875
0.725
0.7125
0.675
0.725
0.66249996
0.7624999
0.72499996
0.7125
0.72499996
0.7
0.5875
0.7125
0.625
0.63750005
0.6875
0.75
0.7375001
0.71250004
0.7125
0.77500004
0.74999994
0.675
0.7125
0.8
0.65
0.7125
0.70000005
0.76250005
0.67499995
0.7625
0.75
0.7625
0.73749995
0.65
0.61249995
0.71250004
0.6375
0.7625
0.7
0.6875
0.65
0.68749994
0.5875
0.7625
0.725
0.725
0.675
0.7875
0.7
0.7125
0.7875
0.79999995
0.75000006
0.75
0.725
0.67499995
0.675
0.7125
0.6750001
0.57500005
0.7
0.725
0.625
0.65
0.6875
0.725
0.7875
0.75
0.575
0.7125
0.76250005
0.71250004
0.6625
0.7
0.725
0.7
0.7375
0.75
0.5875
0.65
0.8
0.75
0.725
0.6125
0.7625
0.75
0.65
0.71250004
0.71250004
0.675
0.625
0.67499995
0.8000001
0.73749995
0.725
0.70000005
0.65000004
0.65
0.65
0.75
0.7375
0.6625
0.8
0.70000005
0.71250004
0.6625
0.8125
0.675
0.625
0.6875
0.70000005
0.675
0.7875
0.725
0.78749996
0.71250004
0.62500006
0.7625
0.8
0.6
0.6875
0.6875
0.7875
0.73749995
0.73749995
0.7625
0.7375
0.6875
0.76250005
0.6875
0.6125
0.7
0.71250004
0.725
0.75
0.78749996
0.70000005
0.7875
0.7125
0.7
0.725
0.7125
0.70000005
0.7375
0.75
0.67499995
0.725
0.65
0.75
0.65
0.6875
0.71250004
0.67499995
0.71250004
0.7625
0.8
0.7
0.76250005
0.70000005
0.7125
0.7125
0.65
0.7375
0.76250005
0.7625
0.8000001
0.7375
0.7125
0.625
0.6875
0.75
0.75
0.7125
0.73749995
0.775
0.7375
0.775
0.7375
0.77500004
0.75
0.675
0.6625
0.70000005
0.6875
0.73749995
0.625
0.7875
0.67499995
0.7625
0.76250005
0.825
0.7125
0.7375
0.76250005
0.75
0.7375
0.7875
0.7875
0.7
0.75
0.7125
0.6625
0.7125
0.8
0.7375
0.71250004
0.70000005
0.74999994
0.65
0.7375
0.7375
0.6375
0.75
0.6875
0.7125
0.76250005
0.8125
0.7375
0.725
0.8125
0.70000005
0.775
0.77500004
0.7625
0.8125
0.7125
0.6625
0.7125
0.73749995
0.65000004
0.72499996
0.75
0.65
0.73749995
0.75
0.7125
0.63750005
0.7875
0.725
0.73749995
0.775
0.6875
0.73749995
0.76250005
0.7625
0.6875
0.77500004
0.6875
0.78749996
0.72499996
0.725
0.75
0.57500005
0.77500004
0.725
0.7625
0.7625
0.6999999
0.79999995
0.71250004
0.72499996
0.6625
0.725
0.6875
0.775
0.68749994
0.79999995
0.70000005
0.775
0.7625
0.6875
0.6999999
0.71250004
0.7375
0.7625
0.72499996
0.675
0.65
0.7125
0.77500004
0.725
0.6875
0.74999994
0.73749995
0.725
0.78749996
0.725
0.73749995
0.7
0.725
0.73749995
0.625
0.75
0.7375
0.70000005
0.75
0.7
0.775
0.67499995
0.7125
0.65
0.70000005
0.71250004
0.6875
0.5875
0.7875
0.6875
0.775
0.73749995
0.75
0.7
0.7125
0.675
0.7125
0.7125
0.75
0.7
0.775
0.7375
0.6875
0.70000005
0.6375
0.7875
0.8000001
0.625
0.725
0.7625
0.72499996
0.5625
0.7375
0.6375
0.6625
0.77500004
0.6625
0.70000005
0.67499995
0.73749995
0.65
0.6375
0.675
0.71250004
0.8
0.66249996
0.66249996
0.75
0.70000005
0.7375
0.73749995
0.73749995
0.66249996
0.65000004
0.7125
0.725
0.75
0.7375
0.72499996
0.7625
0.75
0.625
0.7
0.725
0.625
0.6875
0.8
0.775
0.6875
0.825
0.75
0.73749995
0.76250005
0.79999995
0.7
0.775
0.71250004
0.6999999
0.7125
0.82500005
0.75
0.8125
0.7375
0.6375
0.7375
0.79999995
0.6625
0.75
0.75
0.7125
0.75000006
0.73749995
0.7
0.70000005
0.7625
0.72499996
0.675
0.70000005
0.75
0.76250005
0.66249996
0.7
0.85
0.78749996
0.775
0.65
0.79999995
0.6
0.79999995
0.75
0.73749995
0.675
0.675
0.75
0.72499996
0.675
0.8125
0.8125
0.73749995
0.70000005
0.7125
0.6375
0.7625
0.725
0.75
0.725
0.7625
0.66249996
0.7375
0.7
0.7125
0.775
0.73749995
0.6375
0.67499995
0.75
0.76250005
0.63750005
0.7125
0.76250005
0.8125
0.70000005
0.81250006
0.74999994
0.7375
0.675
0.8125
0.6375
0.825
0.8000001
0.65
0.7625
0.7625
0.725
0.75
0.72499996
0.725
0.7125
0.7
0.7625
0.8
0.8625
0.75
0.7375
0.7125
0.8125
0.71250004
0.7875
0.75
0.79999995
0.825
0.625
0.76250005
0.75
0.72499996
0.8
0.725
0.85
0.7375
0.66249996
0.67499995
0.725
0.675
0.7875
0.8125
0.6625
0.71250004
0.77500004
0.68749994
0.725
0.78749996
0.70000005
0.7875
0.7375
0.73749995
0.775
0.7375
0.7125
0.7125
0.7
0.77500004
0.75
0.7125
0.725
0.6375
0.7875
0.75
0.8375
0.7625
0.77500004
0.7125
0.77500004
0.73749995
0.7125
0.775
0.75
0.7375
0.8625
0.725
0.675
0.63750005
0.6
0.775
0.73749995
0.7125
0.725
0.75
0.7625
0.70000005
0.67499995
0.7624999
0.6875
0.77500004
0.7624999
0.6625
0.8375
0.7375
0.725
0.66249996
0.75
0.73749995
0.675
0.725
0.7625
0.7125
0.7375
0.725
0.7375
0.775
0.7125
0.7375
0.6875
0.725
0.85
0.675
0.6875
0.75
0.73749995
0.70000005
0.7125
0.5875
0.625
0.75
0.7875
0.75
0.7625
0.72499996
0.70000005
0.76250005
0.6875
0.725
0.8125
0.6875
0.75
0.77500004
0.725
0.7125
0.625
0.8
0.6875
0.77500004
0.725
0.75
0.7625
0.6625
0.7125
0.75
0.8
0.7875
0.7625
0.675
0.7125
0.8125
0.7375
0.63750005
0.7625
0.78749996
0.65000004
0.63750005
0.72499996
0.73749995
0.70000005
0.7375
0.6750001
0.7375001
0.725
0.7625
0.7375
0.75
0.7375001
0.7375
0.725
0.7625
0.72499996
0.6875
0.79999995
0.7375
0.775
0.725
0.7125
0.775
0.75000006
0.65000004
0.7125
0.76250005
0.8375
0.71250004
0.8
0.75
0.82500005
0.61249995
0.7
0.75
0.7125
0.7625
0.7375
0.84999996
0.7625
0.71250004
0.725
0.725
0.775
0.8125
0.6875
0.67499995
0.8125
0.7
0.775
0.6625
0.775
0.7375
0.76250005
0.6999999
0.73749995
0.77500004
0.7375
0.775
0.6875
0.76250005
0.75
0.7625
0.7125
0.825
0.75
0.8125
0.725
0.6875
0.75
0.6375
0.8000001
0.7375
0.6875
0.7875
0.725
0.7875
0.7125
0.75
0.7625
0.67499995
0.7875
0.8125
0.7375
0.8125
0.71250004
0.75
0.7875
0.75
0.7625
0.7
0.8
0.6875
0.8
0.7375
0.8375
0.7375001
0.70000005
0.79999995
0.6875
0.71250004
0.8
0.78749996
0.725
0.8375
0.7125
0.725
0.68750006
0.75
0.74999994
0.725
0.8249999
0.775
0.78749996
0.75
0.775
0.66249996
0.7375
0.725
0.775
0.8125
0.7125
0.7875
0.7625
0.6625
0.73749995
0.7125
0.6625
0.7625
0.68750006
0.6625
0.85
0.7125
0.675
0.7625
0.67499995
0.7125
0.7875
0.65
0.675
0.775
0.725
0.6875
0.6625
0.82500005
0.725
0.725
0.7625
0.72499996
0.7875
0.75
0.725
0.79999995
0.7375
0.73749995
0.825
0.725
0.77500004
0.6875
0.7375
0.67499995
0.7375
0.72499996
0.73749995
0.83750004
0.7875
0.77500004
0.6625
0.6875
0.75
0.6750001
0.76250005
0.76250005
0.775
0.7375
0.7375
0.75
0.73749995
0.7375
0.7625
0.725
0.775
0.7
0.675
0.70000005
0.6625
0.70000005
0.675
0.6625
0.7375
0.625
0.7125
0.8125
0.8125
0.725
0.7125
0.76250005
0.725
0.7
0.6375
0.775
0.6875
0.7875
0.71250004
0.70000005
0.73749995
0.82500005
0.7125
0.7625
0.6875
0.66249996
0.7875
0.7875
0.8
0.725
0.8000001
0.7375
0.7375
0.6625
0.6750001
0.67499995
0.7875
0.8375
0.83750004
0.66249996
0.6625
0.79999995
0.8125
0.725
0.7625
0.70000005
0.8125
0.76250005
0.7125
0.7
0.775
0.67499995
0.78749996
0.76250005
0.725
0.7875
0.775
0.8125
0.73749995
0.78749996
0.72499996
0.82500005
0.6375
0.7
0.77500004
0.7375
0.73749995
0.73749995
0.75
0.8000001
0.8125
0.7625
0.7375
0.7375
0.75
0.7125
0.6875
0.78749996
0.725
0.7625
0.7875
0.7
0.7875
0.7875
0.83750004
0.65000004
0.7125
0.75
0.7875
0.725
0.70000005
0.72499996
0.77500004
0.7875
0.85
0.75
0.7625
0.75
0.6875
0.75
0.7875
0.7125
0.625
0.7625
0.79999995
0.7625
0.71250004
0.7375
0.75
0.78749996
0.75
0.775
0.7375
0.7625
0.77500004
0.8125
0.725
0.81250006
0.725
0.70000005
0.77500004
0.7125
0.76250005
0.7625
0.8125
0.7375
0.8375
0.73749995
0.725
0.8125
0.7375001
0.6875
0.6625
0.7375
0.825
0.7125
0.73749995
0.725
0.75
0.77500004
0.75
0.71250004
0.7375
0.7375
0.77500004
0.84999996
0.75
0.6875
0.8125
0.7125
0.625
0.66249996
0.70000005
0.81250006
0.825
0.775
0.8125
0.75000006
0.75
0.8
0.75
0.725
0.8
0.75
0.7625
0.7375
0.72499996
0.7875
0.725
0.6625
0.65000004
0.77500004
0.6875
0.78749996
0.725
0.7125
0.775
0.775
0.72499996
0.8125
0.75
0.675
0.6875
0.8
0.7375
0.7875
0.825
0.7875
0.84999996
0.85
0.71250004
0.75
0.725
0.86249995
0.8
0.7875
0.68750006
0.775
0.8125
0.7625
0.8
0.8125
0.7875
0.79999995
0.7625
0.825
0.8375
0.82500005
0.7625
0.675
0.7375
0.8125
0.6625
0.8874999
0.8125
0.79999995
0.7125
0.6875
0.82500005
0.8125
0.6999999
0.7875
0.7625
0.75
0.75
0.82500005
0.76250005
0.775
0.72499996
0.7625
0.8
0.8
0.825
0.75
0.6625
0.7125
0.71250004
0.79999995
0.75
0.71250004
0.7
0.8375
0.67499995
0.7375
0.71250004
0.71250004
0.775
0.7625
0.75
0.7375
0.75
0.825
0.825
0.79999995
0.82500005
0.75000006
0.75
0.70000005
0.75
0.75
0.79999995
0.75000006
0.79999995
0.7625
0.775
0.775
0.75
0.75
0.7875
0.76250005
0.6625
0.775
0.67499995
0.75
0.6875
0.76250005
0.7125
0.6625
0.7125
0.7125
0.73749995
0.7875
0.61249995
0.65000004
0.66249996
0.70000005
0.73749995
0.7625
0.6875
0.70000005
0.6875
0.65
0.6875
0.6625
0.71250004
0.725
0.72499996
0.67499995
0.6875
0.6625
0.775
0.625
0.6625
0.6875
0.66249996
0.725
0.67499995
0.73749995
0.7624999
0.66249996
0.7
0.71250004
0.75
0.7875
0.7125
0.73749995
0.8125
0.825
0.6875
0.675
0.7375001
0.70000005
0.65
0.6875
0.70000005
0.70000005
0.7875
0.73749995
0.61249995
0.71250004
0.6875
0.76250005
0.725
0.75
0.725
0.76250005
0.7375
0.725
0.7
0.72499996
0.7125
0.73749995
0.82500005
0.6375
0.675
0.775
0.75
0.6875
0.70000005
0.8000001
0.7875
0.775
0.66249996
0.71250004
0.7375
0.7375
0.76250005
0.7375
0.8125
0.8
0.75
0.75
0.71250004
0.7375
0.75
0.76250005
0.82500005
0.775
0.725
0.75
0.76250005
0.65
0.775
0.79999995
0.7875
0.75
0.7125
0.7625
0.775
0.8
0.72499996
0.7625
0.8375
0.825
0.79999995
0.725
0.8
0.78749996
0.8
0.70000005
0.7375
0.7875
0.76250005
0.7125
0.775
0.7625
0.725
0.85
0.7125
0.7125
0.8249999
0.7875
0.85
0.7875
0.7375
0.7375
0.7375
0.8874999
0.72499996
0.8
0.7
0.7875
0.7125
0.73749995
0.7625
0.79999995
0.7125
0.70000005
0.625
0.72499996
0.8
0.8
0.7624999
0.7
0.68749994
0.75
0.7375
0.68749994
0.76250005
0.78749996
0.8875
0.8625
0.73749995
0.76250005
0.70000005
0.71250004
0.775
0.7
0.7375
0.725
0.7625
0.725
0.7624999
0.725
0.6999999
0.7
0.775
0.75
0.7375
0.775
0.775
0.725
0.7125
0.825
0.82500005
0.86249995
0.77500004
0.77500004
0.775
0.7625
0.75
0.8125
0.75
0.79999995
0.85
0.70000005
0.82500005
0.7624999
0.675
0.77500004
0.8
0.79999995
0.725
0.675
0.7375
0.675
0.8125
0.7375
0.76250005
0.775
0.8
0.775
0.72499996
0.7125
0.725
0.6999999
0.8375
0.77500004
0.75
0.775
0.775
0.75
0.67499995
0.8625
0.6999999
0.65
0.8125
0.7125
0.82500005
0.6875
0.7625
0.70000005
0.75
0.725
0.775
0.7625
0.65000004
0.8875
0.7
0.8375
0.79999995
0.7125
0.7875
0.75
0.73749995
0.725
0.725
0.725
0.72499996
0.8
0.7875
0.775
0.75
0.74999994
0.725
0.8
0.7875
0.8
0.775
0.8125
0.8125
0.75
0.8125
0.7625
0.7625
0.76250005
0.85
0.7875
0.74999994
0.75
0.75
0.7625
0.8249999
0.6875
0.8
0.86249995
0.73749995
0.725
0.70000005
0.72499996
0.775
0.7875
0.7375
0.775
0.76250005
0.75
0.75
0.73749995
0.85
0.775
0.77500004
0.7875
0.675
0.7875
0.7125
0.8375
0.79999995
0.85
0.725
0.8125
0.825
0.7875
0.675
0.88750005
0.73749995
0.7875
0.75
0.71250004
0.6875
0.675
0.775
0.7375
0.7875
0.75
0.8125
0.7625
0.72499996
0.775
0.85
0.78749996
0.775
0.825
0.77500004
0.6875
0.86249995
0.7875
0.8
0.7375
0.7375
0.6875
0.7625
0.75
0.7625
0.825
0.6875
0.7125
0.75000006
0.7
0.775
0.7125
0.775
0.775
0.775
0.825
0.725
0.76250005
0.7875
0.775
0.79999995
0.65000004
0.78749996
0.7875
0.8125
0.7875
0.77500004
0.7875
0.75
0.76250005
0.775
0.75
0.7375
0.8125
0.7875
0.6625
0.725
0.7125
0.825
0.75
0.7125
0.70000005
0.75
0.79999995
0.86249995
0.7625
0.7125
0.7625
0.675
0.79999995
0.7125
0.75
0.73749995
0.775
0.73749995
0.725
0.70000005
0.79999995
0.82500005
0.75
0.725
0.65
0.7624999
0.7125
0.73749995
0.84999996
0.81249994
0.8125
0.82500005
0.7875
0.775
0.7625
0.73749995
0.7875
0.7625
0.78749996
0.8
0.7375
0.725
0.7375
0.775
0.625
0.7
0.6875
0.65
0.675
0.575
0.75
0.71250004
0.6
0.70000005
0.66249996
0.6125
0.675
0.72499996
0.7375
0.625
0.6875
0.5875
0.6875
0.67499995
0.54999995
0.6625
0.73749995
0.6125
0.72499996
0.6125
0.65
0.6999999
0.58750004
0.65
0.59999996
0.7125
0.6875
0.63750005
0.75
0.67499995
0.68750006
0.7
0.71250004
0.625
0.675
0.65
0.7375
0.73749995
0.7375
0.675
0.6875
0.73749995
0.6875
0.67499995
0.67499995
0.68750006
0.70000005
0.725
0.6625
0.7875
0.67499995
0.72499996
0.73749995
0.6
0.6999999
0.7375001
0.75
0.725
0.70000005
0.81250006
0.7875
0.6875
0.7875
0.7125
0.6375
0.7625
0.77500004
0.76250005
0.7125
0.8
0.77500004
0.725
0.725
0.67499995
0.7625
0.675
0.76250005
0.6
0.65
0.7375
0.79999995
0.775
0.72499996
0.61249995
0.65
0.7
0.6375
0.6875
0.7375
0.70000005
0.70000005
0.6
0.7625
0.725
0.65000004
0.7
0.775
0.6625
0.7875
0.75
0.70000005
0.65
0.65
0.7125
0.7375
0.73749995
0.75
0.775
0.7625
0.72499996
0.6875
0.725
0.73749995
0.6625
0.725
0.68750006
0.71250004
0.7125
0.75
0.775
0.8249999
0.65
0.71250004
0.73749995
0.70000005
0.83750004
0.75
0.7375
0.8125
0.8125
0.6875
0.6625
0.725
0.7125
0.75
0.7875
0.72499996
0.7
0.66249996
0.8375
0.6875
0.76250005
0.7875
0.73749995
0.75
0.725
0.775
0.8125
0.6750001
0.725
0.8125
0.6625
0.6625
0.75
0.725
0.75
0.8375
0.76250005
0.825
0.76250005
0.7875
0.6875
0.775
0.73749995
0.73749995
0.7125
0.7
0.78749996
0.7375
0.8
0.7125
0.7125
0.75
0.65
0.8125
0.73749995
0.775
0.6875
0.79999995
0.725
0.775
0.8125
0.725
0.75
0.7375
0.6625
0.77500004
0.75
0.825
0.75
0.84999996
0.7625
0.76250005
0.7375001
0.84999996
0.7875
0.825
0.7375
0.82500005
0.8125
0.775
0.8000001
0.725
0.75
0.7125
0.75
0.7375
0.7375
0.825
0.7625
0.8375
0.6625
0.775
0.7
0.725
0.82500005
0.75
0.79999995
0.8375
0.7375
0.74999994
0.7625
0.6875
0.8375
0.7375001
0.7375
0.7875
0.7125
0.8125
0.7875
0.8125
0.725
0.7625
0.725
0.6999999
0.6625
0.6875
0.825
0.7625
0.7
0.775
0.725
0.84999996
0.7625
0.88750005
0.7875
0.72499996
0.675
0.83750004
0.7375
0.78749996
0.75
0.8375
0.8
0.8249999
0.77500004
0.7625
0.73749995
0.86249995
0.7625
0.65
0.7375001
0.75
0.73749995
0.6875
0.73749995
0.825
0.6875
0.71250004
0.725
0.8125
0.75
0.8375
0.7875
0.70000005
0.70000005
0.67499995
0.75
0.6999999
0.75
0.82500005
0.825
0.7625
0.6625
0.75
0.7
0.65
0.7
0.625
0.71250004
0.775
0.77500004
0.7125
0.6125
0.79999995
0.6875
0.7875
0.7625
0.8125
0.86249995
0.8125
0.76250005
0.725
0.70000005
0.725
0.6125
0.7375
0.76250005
0.7375001
0.8
0.70000005
0.86249995
0.775
0.7625
0.7375
0.6875
0.725
0.775
0.7875
0.8125
0.8
0.79999995
0.7125
0.68750006
0.775
0.75
0.825
0.775
0.8125
0.775
0.8
0.8125
0.75
0.7875
0.7875
0.81250006
0.75
0.73749995
0.725
0.8125
0.7624999
0.75
0.75
0.76250005
0.7625
0.76250005
0.8874999
0.70000005
0.7875
0.725
0.78749996
0.8
0.75
0.77500004
0.8
0.78749996
0.7875
0.84999996
0.75
0.8
0.75
0.82500005
0.75
0.725
0.725
0.8000001
0.73749995
0.73749995
0.81249994
0.8
0.8
0.70000005
0.8125
0.7625
0.825
0.8375
0.725
0.7375
0.675
0.83750004
0.8
0.7625
0.7625
0.76250005
0.77500004
0.7875
0.76250005
0.73749995
0.8125
0.725
0.7375
0.87499994
0.76250005
0.6875
0.7375
0.8000001
0.8
0.8
0.825
0.6875
0.7624999
0.78749996
0.8
0.83750004
0.8
0.7875
0.85
0.825
0.6625
0.75
0.7875
0.775
0.7875
0.725
0.775
0.77500004
0.8
0.79999995
0.825
0.75
0.75
0.78749996
0.7125
0.775
0.82500005
0.71250004
0.7625
0.75
0.675
0.7875
0.84999996
0.7875
0.875
0.8
0.75
0.84999996
0.775
0.71250004
0.82500005
0.825
0.8375
0.7375
0.7625
0.8
0.825
0.85
0.77500004
0.7125
0.75
0.79999995
0.83750004
0.82500005
0.775
0.875
0.79999995
0.8874999
0.7875
0.7625
0.75
0.825
0.7375
0.7625
0.8
0.77500004
0.8125
0.775
0.7375
0.7624999
0.8625
0.72499996
0.88750005
0.7875
0.7875
0.875
0.775
0.6875
0.7624999
0.7625
0.82500005
0.8
0.7625
0.7375
0.8125
0.73749995
0.8625
0.73749995
0.7625
0.81250006
0.775
0.875
0.85
0.84999996
0.73749995
0.725
0.73749995
0.7125
0.75
0.7625
0.70000005
0.73749995
0.7875
0.82500005
0.79999995
0.775
0.79999995
0.8
0.7625
0.77500004
0.725
0.6875
0.775
0.75
0.66249996
0.7625
0.85
0.7625
0.7875
0.775
0.7875
0.825
0.7875
0.7375
0.8125
0.7375
0.71250004
0.6875
0.72499996
0.75
0.7
0.75
0.6375
0.825
0.7375
0.7375
0.8375
0.77500004
0.76250005
0.7625
0.8125
0.77500004
0.75
0.7875
0.70000005
0.7375
0.7375
0.75
0.825
0.82500005
0.725
0.79999995
0.8125
0.7875
0.6875
0.86249995
0.775
0.77500004
0.77500004
0.8
0.775
0.79999995
0.7875
0.775
0.71250004
0.725
0.78749996
0.90000004
0.8125
0.79999995
0.82500005
0.8375
0.8125
0.7625
0.8125
0.65
0.70000005
0.8125
0.775
0.8375
0.85
0.7875
0.725
0.7875
0.72499996
0.775
0.7125
0.8125
0.76250005
0.78749996
0.775
0.88750005
0.775
0.76250005
0.7625
0.70000005
0.7625
0.77500004
0.7125
0.7875
0.8375
0.825
0.78749996
0.8
0.8375
0.75
0.77500004
0.825
0.72499996
0.8125
0.6875
0.825
0.775
0.8125
0.85
0.8375
0.77500004
0.75
0.83750004
0.79999995
0.75
0.725
0.8375
0.925
0.7875
0.8125
0.82500005
0.75
0.6875
0.775
0.8625
0.8
0.76250005
0.78749996
0.775
0.7875
0.8000001
0.8
0.8
0.75
0.8000001
0.8375
0.75
0.7875
0.78749996
0.6999999
0.7625
0.7625
0.7125
0.7625
0.7125
0.7375
0.8000001
0.725
0.73749995
0.75
0.8
0.85
0.7875
0.86249995
0.775
0.8
0.7875
0.77500004
0.775
0.8125
0.72499996
0.8125
0.7875
0.825
0.6999999
0.85
0.775
0.8
0.625
0.8125
0.7625
0.78749996
0.8000001
0.775
0.72499996
0.775
0.78749996
0.8000001
0.75
0.8375
0.7
0.75
0.65
0.8375
0.7375
0.73749995
0.82500005
0.73749995
0.7875
0.775
0.725
0.775
0.8000001
0.77500004
0.8125
0.8
0.7125
0.82500005
0.775
0.8
0.8125
0.7375
0.75
0.7875
0.82500005
0.875
0.7625
0.7375
0.6875
0.7125
0.71250004
0.7625
0.7875
0.77500004
0.8125
0.75
0.73749995
0.7375
0.6875
0.825
0.775
0.82500005
0.775
0.67499995
0.75
0.77500004
0.6875
0.8000001
0.7625
0.77500004
0.72499996
0.7875
0.75
0.775
0.73749995
0.75
0.79999995
0.7875
0.8125
0.7625
0.7125
0.75
0.6875
0.7
0.78749996
0.7875
0.775
0.775
0.8125
0.8
0.75
0.775
0.83750004
0.7125
0.82500005
0.775
0.725
0.8125
0.77500004
0.77500004
0.775
0.725
0.85
0.7875
0.7624999
0.8
0.8
0.67499995
0.775
0.83750004
0.725
0.71250004
0.77500004
0.7375
0.75
0.8125
0.775
0.8
0.73749995
0.68749994
0.825
0.7625
0.8375
0.6625
0.8375
0.7
0.8125
0.76250005
0.7875
0.78749996
0.8125
0.8000001
0.82500005
0.725
0.79999995
0.73749995
0.85
0.7625
0.8
0.825
0.77500004
0.7375
0.8125
0.8
0.725
0.8125
0.8375
0.73749995
0.8125
0.8375
0.85
0.79999995
0.6875
0.7875
0.775
0.8125
0.725
0.85
0.7875
0.8125
0.76250005
0.7375
0.75
0.73749995
0.7375
0.7
0.8125
0.75
0.8375
0.68749994
0.7125
0.78749996
0.79999995
0.625
0.7375
0.75
0.7375
0.76250005
0.67499995
0.67499995
0.67499995
0.675
0.7375
0.7625
0.7625
0.83750004
0.70000005
0.7125
0.67499995
0.8375
0.7625
0.73749995
0.75000006
0.8125
0.77500004
0.775
0.79999995
0.6875
0.70000005
0.7875
0.6875
0.65
0.725
0.77500004
0.7125
0.675
0.6875
0.76250005
0.76250005
0.70000005
0.7875
0.76250005
0.6875
0.6875
0.71250004
0.6625
0.8
0.725
0.7125
0.74999994
0.725
0.78749996
0.72499996
0.7625
0.8375
0.75
0.75
0.70000005
0.70000005
0.6625
0.8
0.75
0.75
0.71250004
0.7375
0.725
0.775
0.7
0.81250006
0.72499996
0.7375
0.8125
0.825
0.6999999
0.7125
0.71250004
0.8
0.775
0.7875
0.725
0.6875
0.76250005
0.75
0.7625
0.7375
0.6375
0.7875
0.75
0.8
0.7625
0.7375
0.7625
0.70000005
0.725
0.8
0.8375
0.75
0.6750001
0.7375
0.75
0.75
0.72499996
0.775
0.82500005
0.725
0.8
0.75
0.7125
0.7125
0.75
0.75000006
0.775
0.73749995
0.75
0.71250004
0.8125
0.75
0.7
0.775
0.75000006
0.63750005
0.825
0.61249995
0.78749996
0.84999996
0.74999994
0.75
0.8
0.6625
0.7375
0.71250004
0.825
0.7
0.77500004
0.79999995
0.7375
0.75
0.7125
0.76250005
0.8375
0.7125
0.7375
0.75
0.78749996
0.71250004
0.66249996
0.73749995
0.7625
0.6375
0.7625
0.77500004
0.8
0.775
0.7125
0.7625
0.8125
0.6875
0.73749995
0.8
0.85
0.8125
0.79999995
0.775
0.85
0.76250005
0.7875
0.8
0.8000001
0.75
0.78749996
0.7375
0.76250005
0.8625
0.78749996
0.8
0.725
0.7375
0.8
0.7125
0.775
0.8000001
0.7625
0.78749996
0.775
0.775
0.8375
0.7625
0.84999996
0.7875
0.8125
0.775
0.7625
0.775
0.8
0.8125
0.78749996
0.84999996
0.7
0.8
0.675
0.84999996
0.81250006
0.825
0.775
0.8125
0.75
0.75
0.7875
0.8
0.775
0.7125
0.8125
0.775
0.775
0.8125
0.8125
0.775
0.79999995
0.82500005
0.7875
0.7875
0.725
0.7875
0.88750005
0.82500005
0.8125
0.79999995
0.7625
0.7875
0.8125
0.75
0.775
0.8625001
0.775
0.7375
0.775
0.71250004
0.8125
0.825
0.7875
0.725
0.8375
0.78749996
0.8
0.775
0.725
0.76250005
0.8
0.86249995
0.8375
0.78749996
0.82500005
0.875
0.73749995
0.775
0.7125
0.82500005
0.86249995
0.74999994
0.85
0.79999995
0.8125
0.8125
0.775
0.725
0.7625
0.8
0.83750004
0.8375
0.76250005
0.775
0.725
0.84999996
0.79999995
0.81249994
0.6875
0.7125
0.6875
0.8625
0.75
0.775
0.8
0.8125
0.725
0.78749996
0.82500005
0.725
0.6875
0.8375
0.7
0.7625
0.75
0.7625
0.79999995
0.7875
0.8375
0.78749996
0.875
0.86249995
0.79999995
0.75
0.7625
0.775
0.76250005
0.77500004
0.7875
0.8375
0.8
0.675
0.8
0.7375
0.7625
0.76250005
0.725
0.82500005
0.7875
0.7875
0.8
0.8375
0.85
0.82500005
0.8125
0.7375
0.7875
0.82500005
0.7875
0.725
0.7125
0.85
0.7625
0.75
0.8375
0.8125
0.7875
0.775
0.78749996
0.8
0.8
0.7625
0.775
0.7875
0.9
0.8125
0.75
0.7875
0.8125
0.84999996
0.7375001
0.825
0.72499996
0.65
0.75
0.8000001
0.775
0.85
0.77500004
0.8375
0.79999995
0.8625
0.8
0.8125
0.75
0.8625
0.825
0.6875
0.79999995
0.76250005
0.76250005
0.75
0.75
0.71250004
0.7625
0.6875
0.725
0.8
0.8
0.7
0.8125
0.78749996
0.775
0.8125
0.77500004
0.75
0.79999995
0.675
0.8125
0.6875
0.8375
0.7625
0.7875
0.70000005
0.8125
0.7125
0.7375
0.725
0.76250005
0.7625
0.7125
0.7625
0.8625
0.775
0.77500004
0.725
0.82500005
0.70000005
0.7625
0.72499996
0.775
0.7875
0.82500005
0.7375
0.84999996
0.8125
0.8125
0.7875
0.7125
0.76250005
0.825
0.6625
0.775
0.7875
0.8125
0.7375
0.85
0.7375001
0.77500004
0.70000005
0.82500005
0.78749996
0.8625
0.775
0.6875
0.75
0.86249995
0.7875
0.78749996
0.83750004
0.77500004
0.6875
0.775
0.8375
0.7875
0.8375
0.725
0.6875
0.6875
0.75
0.8
0.72499996
0.78749996
0.8
0.7625
0.77500004
0.77500004
0.775
0.7375001
0.6875
0.82500005
0.75
0.6875
0.67499995
0.7875
0.7875
0.8
0.73749995
0.7375
0.775
0.85
0.725
0.82500005
0.66249996
0.6625
0.7875
0.7625
0.8625
0.775
0.8
0.7875
0.7624999
0.78749996
0.8375
0.7125
0.775
0.7125
0.7375
0.775
0.8875
0.7875
0.7875
0.81250006
0.79999995
0.70000005
0.775
0.79999995
0.85
0.81250006
0.7
0.8375
0.8375
0.78749996
0.73749995
0.7875
0.8
0.77500004
0.7624999
0.7375
0.75
0.7625
0.875
0.76250005
0.8125
0.82500005
0.7875
0.7875
0.83750004
0.72499996
0.79999995
0.8125
0.875
0.81249994
0.8375
0.825
0.6875
0.725
0.7625
0.8125
0.78749996
0.875
0.84999996
0.825
0.7875
0.8375
0.7625
0.8249999
0.82500005
0.725
0.73749995
0.85
0.79999995
0.8
0.7125
0.775
0.775
0.675
0.8625001
0.775
0.8625
0.7875
0.83750004
0.82500005
0.875
0.825
0.84999996
0.8125
0.8375
0.7875
0.75
0.775
0.8125
0.78749996
0.775
0.6875
0.8375
0.70000005
0.79999995
0.82500005
0.75
0.70000005
0.71250004
0.775
0.7125
0.8125
0.6875
0.775
0.7375
0.8
0.76250005
0.75
0.775
0.7625
0.7624999
0.76250005
0.7875
0.775
0.725
0.79999995
0.7875
0.8125
0.7375
0.8125
0.7125
0.8125
0.7125
0.79999995
0.825
0.78749996
0.76250005
0.82500005
0.78749996
0.725
0.83750004
0.8375
0.84999996
0.7875
0.825
0.8125
0.86249995
0.85
0.83750004
0.7875
0.775
0.83750004
0.8249999
0.76250005
0.85
0.73749995
0.8125
0.775
0.7875
0.84999996
0.875
0.83750004
0.75
0.825
0.75
0.67499995
0.775
0.72499996
0.8375
0.75
0.8375
0.8125
0.7875
0.8625001
0.7875
0.8
0.8125
0.8375
0.75
0.6625
0.775
0.7375
0.75
0.775
0.73749995
0.79999995
0.7125
0.8
0.775
0.7875
0.86249995
0.7875
0.75
0.7125
0.8625
0.73749995
0.775
0.875
0.775
0.73749995
0.7875
0.78749996
0.875
0.725
0.8125
0.83750004
0.8000001
0.83750004
0.8125
0.7875
0.725
0.7875
0.78749996
0.8
0.90000004
0.775
0.725
0.79999995
0.76250005
0.8125
0.8125
0.825
0.85
0.775
0.79999995
0.8
0.8
0.8125
0.7625
0.8375
0.8
0.86249995
0.85
0.75
0.82500005
0.8375
0.8125
0.7875
0.75
0.825
0.82500005
0.7875
0.875
0.8000001
0.8125
0.775
0.7875
0.8375
0.82500005
0.8375
0.7875
0.77500004
0.85
0.8375
0.86249995
0.7625
0.76250005
0.76250005
0.90000004
0.75
0.86249995
0.82500005
0.85
0.8125
0.82500005
0.775
0.8125
0.7875
0.8375
0.8125
0.8
0.9
0.85
0.775
0.85
0.75
0.8125
0.84999996
0.8125
0.8000001
0.8000001
0.8
0.8875
0.8
0.76250005
0.7875
0.8375
0.775
0.775
0.7625
0.76250005
0.775
0.8000001
0.775
0.7375
0.78749996
0.74999994
0.725
0.72499996
0.75
0.8125
0.75
0.8125
0.6875
0.73749995
0.73749995
0.8
0.8125
0.8125
0.79999995
0.8125
0.7625
0.7
0.72499996
0.7625
0.725
0.77500004
0.7125
0.82500005
0.775
0.7875
0.75
0.7
0.66249996
0.8125
0.83750004
0.8125
0.8
0.75
0.8375
0.725
0.68749994
0.84999996
0.825
0.79999995
0.8125
0.775
0.7375
0.725
0.77500004
0.7
0.79999995
0.825
0.6625
0.67499995
0.775
0.84999996
0.8125
0.81249994
0.7375001
0.7375
0.8125
0.82500005
0.725
0.82500005
0.75
0.7625
0.8125
0.75000006
0.825
0.7875
0.7
0.84999996
0.775
0.82500005
0.8875
0.7875
0.7375
0.84999996
0.85
0.78749996
0.76250005
0.7625
0.84999996
0.875
0.78749996
0.8125
0.82500005
0.75
0.8
0.75
0.6625
0.8
0.8125
0.8375
0.8375
0.8
0.77500004
0.825
0.79999995
0.75
0.7625
0.75000006
0.8125
0.9
0.7375001
0.7625
0.725
0.78749996
0.77500004
0.84999996
0.8
0.725
0.825
0.775
0.7625
0.84999996
0.7875
0.81249994
0.8
0.875
0.8125
0.775
0.70000005
0.7375
0.75
0.7
0.75
0.725
0.8625
0.75
0.73749995
0.73749995
0.79999995
0.775
0.775
0.7125
0.7625
0.775
0.7375
0.67499995
0.8125
0.7375
0.6625
0.75
0.66249996
0.7125
0.7375
0.7625
0.70000005
0.6875
0.6875
0.70000005
0.82500005
0.75
0.6750001
0.7875
0.725
0.775
0.78749996
0.7625
0.8874999
0.7125
0.70000005
0.78749996
0.775
0.8
0.6750001
0.76250005
0.78749996
0.8
0.8875
0.73749995
0.75
0.85
0.6875
0.7375
0.8
0.75
0.77500004
0.7125
0.77500004
0.775
0.79999995
0.775
0.8
0.8375
0.81250006
0.7875
0.8125
0.8875
0.775
0.7875
0.8125
0.8125
0.8
0.7625
0.8
0.7375
0.8125
0.7375001
0.82500005
0.78749996
0.8125
0.8
0.8625001
0.75000006
0.84999996
0.8
0.73749995
0.8375
0.73749995
0.74999994
0.725
0.82500005
0.8
0.825
0.8375
0.67499995
0.8125
0.79999995
0.7625
0.71250004
0.8125
0.76250005
0.75
0.8
0.85
0.7875
0.7625
0.8249999
0.8125
0.8125
0.7375
0.8375
0.775
0.82500005
0.8
0.65
0.75
0.8
0.8125
0.7875
0.7625
0.76250005
0.75000006
0.8
0.73749995
0.8125
0.7
0.875
0.7375
0.8
0.6999999
0.8
0.76250005
0.75000006
0.7375
0.8
0.7625
0.7375
0.76250005
0.8375
0.825
0.7375001
0.7625
0.8
0.73749995
0.76250005
0.7625
0.7
0.7125
0.8
0.7875
0.65000004
0.75
0.7875
0.775
0.82500005
0.75
0.775
0.8375
0.7875
0.7625
0.79999995
0.6875
0.8125
0.76250005
0.76250005
0.825
0.7875
0.75
0.7875
0.86249995
0.78749996
0.775
0.79999995
0.7875
0.88750005
0.86249995
0.88750005
0.7625
0.775
0.8125
0.725
0.7875
0.75
0.75
0.875
0.8
0.86249995
0.825
0.75
0.825
0.675
0.7875
0.76250005
0.825
0.91249996
0.8
0.76250005
0.8375
0.725
0.775
0.7625
0.875
0.8249999
0.725
0.7875
0.825
0.9
0.875
0.75
0.78749996
0.84999996
0.79999995
0.8375
0.8375
0.78749996
0.81250006
0.8
0.9125
0.8375
0.775
0.88750005
0.85
0.8125
0.7625
0.85
0.8249999
0.8
0.8375
0.8125
0.7625
0.8125
0.875
0.8125
0.84999996
0.84999996
0.8125
0.775
0.7875
0.82500005
0.7875
0.725
0.85
0.8125
0.625
0.67499995
0.7
0.65
0.725
0.7
0.6625
0.7375
0.6999999
0.72499996
0.6625
0.6875
0.5625
0.6750001
0.625
0.6625
0.6
0.66249996
0.6
0.72499996
0.6
0.625
0.7375
0.6
0.7375
0.6875
0.66249996
0.7
0.7125
0.74999994
0.7625
0.7
0.75
0.79999995
0.725
0.7125
0.675
0.78749996
0.72499996
0.76250005
0.7625
0.7125
0.67499995
0.825
0.6875
0.77500004
0.75
0.675
0.825
0.8
0.775
0.6125
0.8
0.73749995
0.7125
0.725
0.70000005
0.79999995
0.8125
0.7625
0.7625
0.62500006
0.7125
0.71250004
0.75
0.7375
0.75
0.7125
0.725
0.72499996
0.71250004
0.73749995
0.7625
0.8125
0.775
0.775
0.8
0.7375
0.73749995
0.6375
0.7
0.775
0.7875
0.76250005
0.7
0.6999999
0.7875
0.77500004
0.77500004
0.75
0.79999995
0.7875
0.775
0.73749995
0.72499996
0.825
0.73749995
0.7375
0.72499996
0.75
0.7
0.71250004
0.65
0.7624999
0.78749996
0.725
0.7375
0.88750005
0.775
0.7125
0.8125
0.775
0.725
0.7375
0.6625
0.8125
0.76250005
0.7
0.7125
0.8
0.8000001
0.7125
0.78749996
0.76250005
0.8375
0.75
0.775
0.71250004
0.78749996
0.725
0.625
0.7125
0.8
0.75
0.6625
0.71250004
0.75
0.7125
0.75
0.825
0.8
0.6875
0.8375
0.7625
0.7125
0.825
0.8125
0.7375001
0.7625
0.7625
0.775
0.8375
0.775
0.7
0.7624999
0.77500004
0.7
0.8249999
0.775
0.82500005
0.7625
0.8125
0.82500005
0.8125
0.75
0.75
0.67499995
0.82500005
0.7
0.825
0.725
0.79999995
0.7
0.76250005
0.8375
0.6375
0.7875
0.8375
0.75
0.75
0.78749996
0.7875
0.7125
0.77500004
0.75
0.8000001
0.825
0.775
0.7625
0.6875
0.72499996
0.81250006
0.75
0.8
0.7875
0.83750004
0.75
0.7875
0.8125
0.75000006
0.7375
0.7125
0.775
0.6875
0.7625
0.68750006
0.77500004
0.7875
0.725
0.725
0.7875
0.9
0.75
0.725
0.79999995
0.72499996
0.8125
0.7375
0.825
0.7625
0.75
0.8
0.7875
0.72499996
0.825
0.7625
0.775
0.7875
0.75
0.83750004
0.8125
0.825
0.74999994
0.7
0.725
0.76250005
0.7125
0.67499995
0.77500004
0.725
0.75
0.85
0.82500005
0.73749995
0.82500005
0.8375
0.82500005
0.7875
0.77500004
0.7875
0.79999995
0.73749995
0.7
0.77500004
0.82500005
0.76250005
0.67499995
0.825
0.75
0.775
0.75
0.7625
0.8375
0.7875
0.825
0.75
0.7625
0.8000001
0.79999995
0.86249995
0.7875
0.75
0.88750005
0.77500004
0.85
0.7875
0.70000005
0.75
0.875
0.79999995
0.775
0.73749995
0.8125
0.875
0.75000006
0.77500004
0.79999995
0.8125
0.75
0.73749995
0.7375
0.75
0.8375
0.7125
0.61249995
0.7875
0.7125
0.775
0.85
0.7875
0.76250005
0.8125
0.8375
0.825
0.7625
0.7375
0.7875
0.725
0.825
0.72499996
0.77500004
0.82500005
0.72499996
0.725
0.8125
0.79999995
0.7625
0.87499994
0.70000005
0.75000006
0.76250005
0.7875
0.75
0.73749995
0.82500005
0.7875
0.7
0.71250004
0.7625
0.68750006
0.775
0.7624999
0.825
0.75
0.8
0.70000005
0.73749995
0.725
0.7875
0.75000006
0.6875
0.7125
0.8
0.76250005
0.7375
0.76250005
0.825
0.7875
0.76250005
0.73749995
0.8125
0.7875
0.72499996
0.7375
0.8
0.75
0.77500004
0.8125
0.8375
0.5875
0.75
0.7875
0.7625
0.77500004
0.775
0.79999995
0.775
0.76250005
0.775
0.7625
0.75
0.7625
0.7875
0.8625
0.7625
0.7625
0.6875
0.79999995
0.725
0.7875
0.7875
0.6875
0.775
0.7625
0.8625
0.65
0.78749996
0.75
0.77500004
0.79999995
0.75
0.775
0.825
0.825
0.725
0.71250004
0.7125
0.775
0.775
0.875
0.7125
0.775
0.7375001
0.78749996
0.725
0.73749995
0.75
0.825
0.8125
0.7625
0.8125
0.725
0.78749996
0.775
0.8625
0.73749995
0.75
0.85
0.7875
0.72499996
0.875
0.8375
0.8125
0.76250005
0.825
0.79999995
0.6875
0.8125
0.825
0.7875
0.8
0.7875
0.79999995
0.775
0.7875
0.8625
0.725
0.8
0.8375
0.8375
0.7625
0.7875
0.725
0.78749996
0.76250005
0.8249999
0.725
0.8375
0.8375
0.8125
0.7625
0.7875
0.76250005
0.775
0.825
0.725
0.775
0.76250005
0.8
0.7375
0.8125
0.725
0.775
0.775
0.825
0.86249995
0.8
0.7875
0.7375
0.76250005
0.725
0.875
0.8249999
0.8375
0.7875
0.8125
0.7
0.7875
0.85
0.775
0.7875
0.8375
0.725
0.79999995
0.775
0.8375
0.825
0.70000005
0.82500005
0.8125
0.72499996
0.79999995
0.7625
0.8125
0.78749996
0.8375
0.7625
0.8375
0.82500005
0.825
0.76250005
0.75
0.8375
0.78749996
0.775
0.75
0.7875
0.79999995
0.81250006
0.825
0.8375
0.82500005
0.75
0.7875
0.8375
0.84999996
0.7375
0.8625
0.8125
0.775
0.77500004
0.8125
0.75
0.875
0.875
0.7625
0.85
0.775
0.82500005
0.775
0.82500005
0.79999995
0.78749996
0.75
0.8125
0.8375
0.78749996
0.7375
0.81249994
0.8625
0.725
0.77500004
0.7624999
0.8
0.725
0.75
0.7875
0.9
0.8375
0.725
0.7875
0.775
0.8375
0.825
0.8125
0.7875
0.7375
0.76250005
0.7625
0.775
0.8125
0.7875
0.75
0.7625
0.85
0.8375
0.76250005
0.8
0.825
0.86249995
0.82500005
0.85
0.725
0.825
0.7875
0.7875
0.8625
0.83750004
0.73749995
0.8375
0.79999995
0.83750004
0.8125
0.725
0.9125
0.8125
0.7875
0.9
0.7875
0.775
0.8
0.8125
0.86249995
0.82500005
0.7875
0.79999995
0.8125
0.7375
0.86249995
0.825
0.8
0.75
0.8
0.8
0.78749996
0.725
0.82500005
0.7875
0.775
0.71250004
0.7375
0.76250005
0.73749995
0.70000005
0.725
0.775
0.7625
0.7375
0.75
0.75
0.75
0.72499996
0.625
0.70000005
0.76250005
0.5875
0.73749995
0.6875
0.675
0.7
0.7125
0.775
0.6375
0.6625
0.725
0.6625
0.75
0.6875
0.7375
0.6875
0.6875
0.73749995
0.63750005
0.7
0.65
0.7875
0.67499995
0.65000004
0.775
0.70000005
0.725
0.6875
0.70000005
0.76250005
0.75
0.7875
0.7875
0.65
0.6375
0.6875
0.775
0.65
0.77500004
0.70000005
0.55
0.77500004
0.75
0.71250004
0.7
0.675
0.8125
0.79999995
0.65000004
0.6875
0.72499996
0.6375
0.6875
0.7625
0.7125
0.7375
0.7375001
0.7375
0.76250005
0.7625
0.7125
0.6625
0.725
0.675
0.525
0.76250005
0.7125
0.7624999
0.775
0.6875
0.7625
0.775
0.6875
0.725
0.725
0.8375
0.775
0.6625
0.75
0.79999995
0.75
0.7375
0.67499995
0.825
0.8
0.76250005
0.6875
0.7625
0.7625
0.66249996
0.7125
0.7125
0.7375
0.75
0.70000005
0.76250005
0.7375
0.7625
0.76250005
0.775
0.6875
0.70000005
0.8375
0.7375
0.7
0.7625
0.7875
0.775
0.725
0.67499995
0.76250005
0.725
0.72499996
0.73749995
0.73749995
0.775
0.72499996
0.775
0.79999995
0.675
0.7875
0.79999995
0.875
0.7375001
0.8125
0.6375
0.675
0.65
0.70000005
0.7125
0.7625
0.6999999
0.81250006
0.775
0.6875
0.6875
0.83750004
0.725
0.775
0.77500004
0.73749995
0.71250004
0.75000006
0.8125
0.8
0.79999995
0.8125
0.775
0.7375
0.8
0.6375
0.7875
0.7875
0.8
0.6875
0.8
0.7875
0.76250005
0.72499996
0.775
0.8375
0.84999996
0.8
0.7624999
0.7875
0.75
0.73749995
0.7875
0.82500005
0.75
0.8375
0.75
0.7625
0.725
0.78749996
0.7375
0.7375
0.7125
0.76250005
0.72499996
0.79999995
0.725
0.6750001
0.71250004
0.7875
0.75
0.82500005
0.8249999
0.88750005
0.7625
0.8
0.7125
0.75
0.75
0.79999995
0.7875
0.7625
0.71250004
0.675
0.825
0.85
0.825
0.6625
0.8125
0.825
0.77500004
0.7875
0.7875
0.8375
0.825
0.86249995
0.82500005
0.725
0.7875
0.7875
0.7375
0.775
0.7875
0.79999995
0.7125
0.8000001
0.7125
0.84999996
0.77500004
0.7125
0.775
0.8125
0.73749995
0.7875
0.84999996
0.75
0.775
0.78749996
0.79999995
0.775
0.825
0.7875
0.775
0.8375
0.77500004
0.7875
0.79999995
0.8375
0.7375
0.8
0.725
0.7375
0.7625
0.8125
0.75
0.775
0.875
0.75000006
0.71250004
0.775
0.70000005
0.7125
0.7125
0.8000001
0.67499995
0.67499995
0.65
0.725
0.7625
0.7625
0.75
0.67499995
0.725
0.67499995
0.625
0.6125
0.675
0.7125
0.6625
0.6625
0.725
0.6875
0.7625
0.6625
0.66249996
0.76250005
0.725
0.775
0.82500005
0.65000004
0.7875
0.75
0.7125
0.75
0.7375
0.7
0.82500005
0.73749995
0.67499995
0.675
0.6875
0.775
0.7625
0.6625
0.725
0.75
0.7875
0.7625
0.7125
0.775
0.775
0.625
0.72499996
0.8874999
0.86249995
0.6625
0.73749995
0.79999995
0.76250005
0.7625
0.775
0.88750005
0.725
0.7375
0.8625
0.8
0.7125
0.77500004
0.81250006
0.73749995
0.78749996
0.78749996
0.76250005
0.6875
0.775
0.78749996
0.8375
0.82500005
0.75
0.8
0.75
0.8625
0.73749995
0.76250005
0.76250005
0.775
0.8
0.75
0.79999995
0.8000001
0.73749995
0.8625
0.7875
0.79999995
0.7375
0.77500004
0.78749996
0.81250006
0.7875
0.70000005
0.8375
0.8625
0.725
0.725
0.76250005
0.8000001
0.7375
0.77500004
0.8
0.79999995
0.875
0.75
0.83750004
0.725
0.725
0.73749995
0.7625
0.79999995
0.7625
0.725
0.8375
0.7875
0.79999995
0.73749995
0.78749996
0.76250005
0.8
0.825
0.79999995
0.78749996
0.8375
0.825
0.8375
0.8375
0.6875
0.8125
0.775
0.85
0.7125
0.7625
0.8249999
0.8125
0.7125
0.73749995
0.75
0.81249994
0.79999995
0.79999995
0.775
0.7125
0.825
0.79999995
0.8000001
0.75
0.7625
0.79999995
0.75
0.775
0.73749995
0.875
0.75
0.775
0.7375
0.825
0.79999995
0.78749996
0.8
0.75
0.73749995
0.8
0.8
0.86249995
0.86249995
0.8125
0.825
0.8625
0.8375
0.725
0.7125
0.77500004
0.825
0.7625
0.73749995
0.72499996
0.82500005
0.8625
0.8
0.82500005
0.8375
0.8625
0.7125
0.73749995
0.78749996
0.8375
0.75
0.875
0.79999995
0.675
0.8125
0.8125
0.8
0.79999995
0.78749996
0.79999995
0.75
0.725
0.7125
0.7625
0.86249995
0.6875
0.8375
0.70000005
0.70000005
0.7625
0.75
0.73749995
0.8125
0.7875
0.6875
0.7875
0.7875
0.75000006
0.73749995
0.8125
0.76250005
0.725
0.78749996
0.82500005
0.75
0.67499995
0.825
0.8125
0.725
0.8
0.73749995
0.75
0.76250005
0.7875
0.75
0.70000005
0.72499996
0.72499996
0.84999996
0.8375
0.75
0.75
0.76250005
0.75
0.7375001
0.775
0.75
0.76250005
0.825
0.78749996
0.79999995
0.8
0.7375001
0.7875
0.8125
0.725
0.7375
0.725
0.6125
0.7625
0.7625
0.85
0.81250006
0.7375
0.875
0.82500005
0.86249995
0.82500005
0.75
0.775
0.7875
0.775
0.8125
0.76250005
0.82500005
0.78749996
0.8125
0.775
0.77500004
0.7625
0.8125
0.78749996
0.7625
0.75000006
0.79999995
0.7625
0.75
0.8375
0.85
0.82500005
0.8000001
0.85
0.775
0.7875
0.7875
0.7625
0.7375
0.8
0.85
0.7875
